6
1
0.0	1.0
3481	
0.0000E+00	1000
2.8736E-04	997.1338507
5.7471E-04	994.280006
8.6207E-04	991.4383956
1.1494E-03	988.6089495
1.4368E-03	985.7915986
1.7241E-03	982.9862739
2.0115E-03	980.1929071
2.2989E-03	977.4114303
2.5862E-03	974.6417762
2.8736E-03	971.8838778
3.1609E-03	969.1376687
3.4483E-03	966.403083
3.7356E-03	963.6800551
4.0230E-03	960.96852
4.3103E-03	958.2684131
4.5977E-03	955.5796703
4.8851E-03	952.9022278
5.1724E-03	950.2360226
5.4598E-03	947.5809917
5.7471E-03	944.9370728
6.0345E-03	942.304204
6.3218E-03	939.6823238
6.6092E-03	937.0713711
6.8966E-03	934.4712853
7.1839E-03	931.8820062
7.4713E-03	929.3034739
7.7586E-03	926.7356291
8.0460E-03	924.1784128
8.3333E-03	921.6317664
8.6207E-03	919.0956318
8.9080E-03	916.5699511
9.1954E-03	914.054667
9.4828E-03	911.5497226
9.7701E-03	909.0550611
1.0057E-02	906.5706265
1.0345E-02	904.0963628
1.0632E-02	901.6322147
1.0920E-02	899.1781271
1.1207E-02	896.7340452
1.1494E-02	894.2999148
1.1782E-02	891.875682
1.2069E-02	889.461293
1.2356E-02	887.0566948
1.2644E-02	884.6618344
1.2931E-02	882.2766593
1.3218E-02	879.9011175
1.3506E-02	877.5351569
1.3793E-02	875.1787263
1.4080E-02	872.8317745
1.4368E-02	870.4942507
1.4655E-02	868.1661045
1.4943E-02	865.8472858
1.5230E-02	863.5377449
1.5517E-02	861.2374323
1.5805E-02	858.9462988
1.6092E-02	856.6642959
1.6379E-02	854.3913749
1.6667E-02	852.1274878
1.6954E-02	849.8725867
1.7241E-02	847.6266242
1.7529E-02	845.389553
1.7816E-02	843.1613264
1.8103E-02	840.9418977
1.8391E-02	838.7312207
1.8678E-02	836.5292494
1.8966E-02	834.3359382
1.9253E-02	832.1512418
1.9540E-02	829.975115
1.9828E-02	827.8075131
2.0115E-02	825.6483916
2.0402E-02	823.4977065
2.0690E-02	821.3554137
2.0977E-02	819.2214696
2.1264E-02	817.095831
2.1552E-02	814.9784547
2.1839E-02	812.8692981
2.2126E-02	810.7683187
2.2414E-02	808.6754741
2.2701E-02	806.5907225
2.2989E-02	804.5140223
2.3276E-02	802.4453319
2.3563E-02	800.3846102
2.3851E-02	798.3318165
2.4138E-02	796.28691
2.4425E-02	794.2498505
2.4713E-02	792.2205977
2.5000E-02	790.1991119
2.5287E-02	788.1853536
2.5575E-02	786.1792832
2.5862E-02	784.1808619
2.6149E-02	782.1900506
2.6437E-02	780.2068109
2.6724E-02	778.2311044
2.7011E-02	776.262893
2.7299E-02	774.3021388
2.7586E-02	772.3488042
2.7874E-02	770.4028519
2.8161E-02	768.4642445
2.8448E-02	766.5329454
2.8736E-02	764.6089177
2.9023E-02	762.6921249
2.9310E-02	760.782531
2.9598E-02	758.8800998
2.9885E-02	756.9847956
3.0172E-02	755.0965828
3.0460E-02	753.2154261
3.0747E-02	751.3412904
3.1034E-02	749.4741408
3.1322E-02	747.6139426
3.1609E-02	745.7606614
3.1897E-02	743.9142628
3.2184E-02	742.0747129
3.2471E-02	740.2419779
3.2759E-02	738.416024
3.3046E-02	736.5968179
3.3333E-02	734.7843265
3.3621E-02	732.9785166
3.3908E-02	731.1793554
3.4195E-02	729.3868105
3.4483E-02	727.6008493
3.4770E-02	725.8214398
3.5057E-02	724.0485498
3.5345E-02	722.2821475
3.5632E-02	720.5222014
3.5920E-02	718.76868
3.6207E-02	717.0215521
3.6494E-02	715.2807867
3.6782E-02	713.5463528
3.7069E-02	711.8182199
3.7356E-02	710.0963574
3.7644E-02	708.380735
3.7931E-02	706.6713227
3.8218E-02	704.9680904
3.8506E-02	703.2710085
3.8793E-02	701.5800473
3.9080E-02	699.8951775
3.9368E-02	698.2163698
3.9655E-02	696.5435952
3.9943E-02	694.8768248
4.0230E-02	693.2160299
4.0517E-02	691.561182
4.0805E-02	689.9122528
4.1092E-02	688.2692139
4.1379E-02	686.6320375
4.1667E-02	685.0006956
4.1954E-02	683.3751606
4.2241E-02	681.7554049
4.2529E-02	680.1414012
4.2816E-02	678.5331223
4.3103E-02	676.9305411
4.3391E-02	675.3336307
4.3678E-02	673.7423645
4.3966E-02	672.1567158
4.4253E-02	670.5766582
4.4540E-02	669.0021655
4.4828E-02	667.4332117
4.5115E-02	665.8697706
4.5402E-02	664.3118166
4.5690E-02	662.759324
4.5977E-02	661.2122673
4.6264E-02	659.6706211
4.6552E-02	658.1343603
4.6839E-02	656.6034597
4.7126E-02	655.0778946
4.7414E-02	653.5576401
4.7701E-02	652.0426716
4.7989E-02	650.5329646
4.8276E-02	649.0284947
4.8563E-02	647.5292379
4.8851E-02	646.03517
4.9138E-02	644.5462672
4.9425E-02	643.0625055
4.9713E-02	641.5838615
5.0000E-02	640.1103115
5.0287E-02	638.6418323
5.0575E-02	637.1784005
5.0862E-02	635.7199931
5.1149E-02	634.2665871
5.1437E-02	632.8181597
5.1724E-02	631.3746881
5.2011E-02	629.9361497
5.2299E-02	628.5025222
5.2586E-02	627.0737831
5.2874E-02	625.6499103
5.3161E-02	624.2308817
5.3448E-02	622.8166754
5.3736E-02	621.4072694
5.4023E-02	620.0026422
5.4310E-02	618.6027722
5.4598E-02	617.2076378
5.4885E-02	615.8172178
5.5172E-02	614.431491
5.5460E-02	613.0504361
5.5747E-02	611.6740323
5.6034E-02	610.3022588
5.6322E-02	608.9350946
5.6609E-02	607.5725193
5.6897E-02	606.2145123
5.7184E-02	604.8610532
5.7471E-02	603.5121218
5.7759E-02	602.1676978
5.8046E-02	600.8277612
5.8333E-02	599.492292
5.8621E-02	598.1612705
5.8908E-02	596.8346768
5.9195E-02	595.5124914
5.9483E-02	594.1946947
5.9770E-02	592.8812674
6.0057E-02	591.5721902
6.0345E-02	590.2674438
6.0632E-02	588.9670092
6.0920E-02	587.6708674
6.1207E-02	586.3789995
6.1494E-02	585.0913868
6.1782E-02	583.8080106
6.2069E-02	582.5288524
6.2356E-02	581.2538936
6.2644E-02	579.9831159
6.2931E-02	578.716501
6.3218E-02	577.4540308
6.3506E-02	576.1956873
6.3793E-02	574.9414524
6.4080E-02	573.6913082
6.4368E-02	572.4452371
6.4655E-02	571.2032214
6.4943E-02	569.9652434
6.5230E-02	568.7312856
6.5517E-02	567.5013308
6.5805E-02	566.2753615
6.6092E-02	565.0533607
6.6379E-02	563.8353111
6.6667E-02	562.6211958
6.6954E-02	561.4109978
6.7241E-02	560.2047004
6.7529E-02	559.0022867
6.7816E-02	557.8037401
6.8103E-02	556.6090441
6.8391E-02	555.4181821
6.8678E-02	554.2311378
6.8966E-02	553.0478949
6.9253E-02	551.8684372
6.9540E-02	550.6927484
6.9828E-02	549.5208127
7.0115E-02	548.352614
7.0402E-02	547.1881365
7.0690E-02	546.0273644
7.0977E-02	544.870282
7.1264E-02	543.7168736
7.1552E-02	542.5671237
7.1839E-02	541.4210168
7.2126E-02	540.2785377
7.2414E-02	539.1396709
7.2701E-02	538.0044014
7.2989E-02	536.8727138
7.3276E-02	535.7445933
7.3563E-02	534.6200248
7.3851E-02	533.4989934
7.4138E-02	532.3814843
7.4425E-02	531.2674827
7.4713E-02	530.1569741
7.5000E-02	529.0499437
7.5287E-02	527.9463772
7.5575E-02	526.84626
7.5862E-02	525.7495778
7.6149E-02	524.6563164
7.6437E-02	523.5664614
7.6724E-02	522.4799988
7.7011E-02	521.3969145
7.7299E-02	520.3171946
7.7586E-02	519.240825
7.7874E-02	518.167792
7.8161E-02	517.0980817
7.8448E-02	516.0316805
7.8736E-02	514.9685747
7.9023E-02	513.9087508
7.9310E-02	512.8521953
7.9598E-02	511.7988947
7.9885E-02	510.7488357
8.0172E-02	509.7020049
8.0460E-02	508.6583893
8.0747E-02	507.6179756
8.1034E-02	506.5807508
8.1322E-02	505.5467017
8.1609E-02	504.5158156
8.1897E-02	503.4880794
8.2184E-02	502.4634804
8.2471E-02	501.4420058
8.2759E-02	500.423643
8.3046E-02	499.4083792
8.3333E-02	498.396202
8.3621E-02	497.3870987
8.3908E-02	496.3810571
8.4195E-02	495.3780648
8.4483E-02	494.3781093
8.4770E-02	493.3811785
8.5057E-02	492.3872602
8.5345E-02	491.3963422
8.5632E-02	490.4084125
8.5920E-02	489.4234592
8.6207E-02	488.4414701
8.6494E-02	487.4624335
8.6782E-02	486.4863376
8.7069E-02	485.5131705
8.7356E-02	484.5429206
8.7644E-02	483.5755763
8.7931E-02	482.6111258
8.8218E-02	481.6495578
8.8506E-02	480.6908606
8.8793E-02	479.735023
8.9080E-02	478.7820335
8.9368E-02	477.8318809
8.9655E-02	476.8845538
8.9943E-02	475.9400412
9.0230E-02	474.9983318
9.0517E-02	474.0594146
9.0805E-02	473.1232785
9.1092E-02	472.1899126
9.1379E-02	471.259306
9.1667E-02	470.3314478
9.1954E-02	469.4063272
9.2241E-02	468.4839333
9.2529E-02	467.5642556
9.2816E-02	466.6472834
9.3103E-02	465.733006
9.3391E-02	464.821413
9.3678E-02	463.9124937
9.3966E-02	463.0062379
9.4253E-02	462.102635
9.4540E-02	461.2016747
9.4828E-02	460.3033467
9.5115E-02	459.4076409
9.5402E-02	458.5145469
9.5690E-02	457.6240547
9.5977E-02	456.7361542
9.6264E-02	455.8508352
9.6552E-02	454.9680879
9.6839E-02	454.0879022
9.7126E-02	453.2102682
9.7414E-02	452.3351762
9.7701E-02	451.4626163
9.7989E-02	450.5925787
9.8276E-02	449.7250537
9.8563E-02	448.8600317
9.8851E-02	447.997503
9.9138E-02	447.1374581
9.9425E-02	446.2798874
9.9713E-02	445.4247815
1.0000E-01	444.5721308
1.0029E-01	443.7219262
1.0057E-01	442.8741581
1.0086E-01	442.0288172
1.0115E-01	441.1858944
1.0144E-01	440.3453804
1.0172E-01	439.5072661
1.0201E-01	438.6715423
1.0230E-01	437.8381998
1.0259E-01	437.0072298
1.0287E-01	436.1786232
1.0316E-01	435.352371
1.0345E-01	434.5284644
1.0374E-01	433.7068944
1.0402E-01	432.8876522
1.0431E-01	432.0707291
1.0460E-01	431.2561163
1.0489E-01	430.4438051
1.0517E-01	429.6337868
1.0546E-01	428.8260529
1.0575E-01	428.0205947
1.0603E-01	427.2174036
1.0632E-01	426.4164713
1.0661E-01	425.6177892
1.0690E-01	424.8213489
1.0718E-01	424.027142
1.0747E-01	423.2351602
1.0776E-01	422.4453952
1.0805E-01	421.6578387
1.0833E-01	420.8724825
1.0862E-01	420.0893184
1.0891E-01	419.3083382
1.0920E-01	418.5295339
1.0948E-01	417.7528974
1.0977E-01	416.9784205
1.1006E-01	416.2060954
1.1034E-01	415.435914
1.1063E-01	414.6678685
1.1092E-01	413.9019509
1.1121E-01	413.1381534
1.1149E-01	412.3764682
1.1178E-01	411.6168875
1.1207E-01	410.8594035
1.1236E-01	410.1040085
1.1264E-01	409.3506949
1.1293E-01	408.5994551
1.1322E-01	407.8502813
1.1351E-01	407.1031661
1.1379E-01	406.3581019
1.1408E-01	405.6150812
1.1437E-01	404.8740965
1.1466E-01	404.1351405
1.1494E-01	403.3982057
1.1523E-01	402.6632847
1.1552E-01	401.9303703
1.1580E-01	401.199455
1.1609E-01	400.4705317
1.1638E-01	399.7435932
1.1667E-01	399.0186322
1.1695E-01	398.2956415
1.1724E-01	397.574614
1.1753E-01	396.8555427
1.1782E-01	396.1384205
1.1810E-01	395.4232402
1.1839E-01	394.709995
1.1868E-01	393.9986778
1.1897E-01	393.2892817
1.1925E-01	392.5817997
1.1954E-01	391.8762251
1.1983E-01	391.1725509
1.2011E-01	390.4707704
1.2040E-01	389.7708767
1.2069E-01	389.0728631
1.2098E-01	388.3767229
1.2126E-01	387.6824493
1.2155E-01	386.9900357
1.2184E-01	386.2994754
1.2213E-01	385.6107619
1.2241E-01	384.9238886
1.2270E-01	384.2388489
1.2299E-01	383.5556363
1.2328E-01	382.8742443
1.2356E-01	382.1946664
1.2385E-01	381.5168963
1.2414E-01	380.8409274
1.2443E-01	380.1667535
1.2471E-01	379.4943681
1.2500E-01	378.823765
1.2529E-01	378.1549379
1.2557E-01	377.4878804
1.2586E-01	376.8225865
1.2615E-01	376.1590497
1.2644E-01	375.4972641
1.2672E-01	374.8372233
1.2701E-01	374.1789213
1.2730E-01	373.522352
1.2759E-01	372.8675093
1.2787E-01	372.2143871
1.2816E-01	371.5629795
1.2845E-01	370.9132804
1.2874E-01	370.2652839
1.2902E-01	369.618984
1.2931E-01	368.9743748
1.2960E-01	368.3314504
1.2989E-01	367.690205
1.3017E-01	367.0506326
1.3046E-01	366.4127276
1.3075E-01	365.776484
1.3103E-01	365.1418962
1.3132E-01	364.5089584
1.3161E-01	363.8776649
1.3190E-01	363.2480099
1.3218E-01	362.6199879
1.3247E-01	361.9935931
1.3276E-01	361.3688201
1.3305E-01	360.745663
1.3333E-01	360.1241165
1.3362E-01	359.504175
1.3391E-01	358.8858329
1.3420E-01	358.2690847
1.3448E-01	357.653925
1.3477E-01	357.0403483
1.3506E-01	356.4283491
1.3534E-01	355.8179222
1.3563E-01	355.2090621
1.3592E-01	354.6017634
1.3621E-01	353.9960208
1.3649E-01	353.3918291
1.3678E-01	352.7891828
1.3707E-01	352.1880768
1.3736E-01	351.5885058
1.3764E-01	350.9904646
1.3793E-01	350.3939479
1.3822E-01	349.7989506
1.3851E-01	349.2054676
1.3879E-01	348.6134937
1.3908E-01	348.0230238
1.3937E-01	347.4340528
1.3966E-01	346.8465757
1.3994E-01	346.2605873
1.4023E-01	345.6760827
1.4052E-01	345.0930569
1.4080E-01	344.5115048
1.4109E-01	343.9314215
1.4138E-01	343.3528022
1.4167E-01	342.7756417
1.4195E-01	342.1999353
1.4224E-01	341.6256781
1.4253E-01	341.0528652
1.4282E-01	340.4814918
1.4310E-01	339.911553
1.4339E-01	339.3430441
1.4368E-01	338.7759602
1.4397E-01	338.2102966
1.4425E-01	337.6460487
1.4454E-01	337.0832115
1.4483E-01	336.5217806
1.4511E-01	335.9617511
1.4540E-01	335.4031184
1.4569E-01	334.8458779
1.4598E-01	334.2900249
1.4626E-01	333.7355549
1.4655E-01	333.1824633
1.4684E-01	332.6307454
1.4713E-01	332.0803969
1.4741E-01	331.531413
1.4770E-01	330.9837893
1.4799E-01	330.4375214
1.4828E-01	329.8926048
1.4856E-01	329.3490349
1.4885E-01	328.8068074
1.4914E-01	328.2659179
1.4943E-01	327.7263619
1.4971E-01	327.1881351
1.5000E-01	326.6512331
1.5029E-01	326.1156515
1.5057E-01	325.5813861
1.5086E-01	325.0484326
1.5115E-01	324.5167865
1.5144E-01	323.9864438
1.5172E-01	323.4574
1.5201E-01	322.9296511
1.5230E-01	322.4031926
1.5259E-01	321.8780206
1.5287E-01	321.3541307
1.5316E-01	320.8315187
1.5345E-01	320.3101806
1.5374E-01	319.7901122
1.5402E-01	319.2713094
1.5431E-01	318.753768
1.5460E-01	318.2374841
1.5489E-01	317.7224535
1.5517E-01	317.2086721
1.5546E-01	316.6961359
1.5575E-01	316.184841
1.5603E-01	315.6747833
1.5632E-01	315.1659587
1.5661E-01	314.6583635
1.5690E-01	314.1519935
1.5718E-01	313.6468448
1.5747E-01	313.1429136
1.5776E-01	312.6401959
1.5805E-01	312.1386878
1.5833E-01	311.6383854
1.5862E-01	311.139285
1.5891E-01	310.6413825
1.5920E-01	310.1446743
1.5948E-01	309.6491564
1.5977E-01	309.1548252
1.6006E-01	308.6616767
1.6034E-01	308.1697073
1.6063E-01	307.6789131
1.6092E-01	307.1892905
1.6121E-01	306.7008356
1.6149E-01	306.2135449
1.6178E-01	305.7274146
1.6207E-01	305.2424409
1.6236E-01	304.7586204
1.6264E-01	304.2759492
1.6293E-01	303.7944238
1.6322E-01	303.3140406
1.6351E-01	302.8347958
1.6379E-01	302.356686
1.6408E-01	301.8797076
1.6437E-01	301.4038569
1.6466E-01	300.9291305
1.6494E-01	300.4555247
1.6523E-01	299.9830362
1.6552E-01	299.5116613
1.6580E-01	299.0413965
1.6609E-01	298.5722385
1.6638E-01	298.1041836
1.6667E-01	297.6372285
1.6695E-01	297.1713697
1.6724E-01	296.7066038
1.6753E-01	296.2429273
1.6782E-01	295.780337
1.6810E-01	295.3188293
1.6839E-01	294.8584008
1.6868E-01	294.3990484
1.6897E-01	293.9407685
1.6925E-01	293.4835578
1.6954E-01	293.0274131
1.6983E-01	292.572331
1.7011E-01	292.1183082
1.7040E-01	291.6653414
1.7069E-01	291.2134274
1.7098E-01	290.7625629
1.7126E-01	290.3127447
1.7155E-01	289.8639694
1.7184E-01	289.416234
1.7213E-01	288.9695351
1.7241E-01	288.5238697
1.7270E-01	288.0792344
1.7299E-01	287.6356262
1.7328E-01	287.1930418
1.7356E-01	286.7514781
1.7385E-01	286.3109321
1.7414E-01	285.8714005
1.7443E-01	285.4328802
1.7471E-01	284.9953682
1.7500E-01	284.5588613
1.7529E-01	284.1233565
1.7557E-01	283.6888508
1.7586E-01	283.255341
1.7615E-01	282.8228241
1.7644E-01	282.3912971
1.7672E-01	281.960757
1.7701E-01	281.5312008
1.7730E-01	281.1026254
1.7759E-01	280.6750279
1.7787E-01	280.2484054
1.7816E-01	279.8227548
1.7845E-01	279.3980731
1.7874E-01	278.9743576
1.7902E-01	278.5516052
1.7931E-01	278.129813
1.7960E-01	277.7089781
1.7989E-01	277.2890976
1.8017E-01	276.8701687
1.8046E-01	276.4521885
1.8075E-01	276.035154
1.8103E-01	275.6190625
1.8132E-01	275.203911
1.8161E-01	274.7896969
1.8190E-01	274.3764172
1.8218E-01	273.9640692
1.8247E-01	273.55265
1.8276E-01	273.1421569
1.8305E-01	272.7325871
1.8333E-01	272.3239378
1.8362E-01	271.9162062
1.8391E-01	271.5093897
1.8420E-01	271.1034855
1.8448E-01	270.6984908
1.8477E-01	270.2944029
1.8506E-01	269.8912192
1.8534E-01	269.4889369
1.8563E-01	269.0875534
1.8592E-01	268.6870659
1.8621E-01	268.2874719
1.8649E-01	267.8887686
1.8678E-01	267.4909535
1.8707E-01	267.0940238
1.8736E-01	266.6979769
1.8764E-01	266.3028103
1.8793E-01	265.9085214
1.8822E-01	265.5151074
1.8851E-01	265.1225659
1.8879E-01	264.7308943
1.8908E-01	264.3400899
1.8937E-01	263.9501503
1.8966E-01	263.5610729
1.8994E-01	263.1728552
1.9023E-01	262.7854945
1.9052E-01	262.3989885
1.9080E-01	262.0133345
1.9109E-01	261.6285301
1.9138E-01	261.2445729
1.9167E-01	260.8614602
1.9195E-01	260.4791896
1.9224E-01	260.0977587
1.9253E-01	259.7171651
1.9282E-01	259.3374061
1.9310E-01	258.9584795
1.9339E-01	258.5803828
1.9368E-01	258.2031135
1.9397E-01	257.8266693
1.9425E-01	257.4510478
1.9454E-01	257.0762465
1.9483E-01	256.702263
1.9511E-01	256.3290951
1.9540E-01	255.9567403
1.9569E-01	255.5851962
1.9598E-01	255.2144606
1.9626E-01	254.844531
1.9655E-01	254.4754051
1.9684E-01	254.1070806
1.9713E-01	253.7395553
1.9741E-01	253.3728266
1.9770E-01	253.0068925
1.9799E-01	252.6417506
1.9828E-01	252.2773985
1.9856E-01	251.9138341
1.9885E-01	251.551055
1.9914E-01	251.189059
1.9943E-01	250.8278438
1.9971E-01	250.4674072
2.0000E-01	250.107747
2.0029E-01	249.7488609
2.0057E-01	249.3907467
2.0086E-01	249.0334023
2.0115E-01	248.6768253
2.0144E-01	248.3210136
2.0172E-01	247.965965
2.0201E-01	247.6116773
2.0230E-01	247.2581484
2.0259E-01	246.9053761
2.0287E-01	246.5533582
2.0316E-01	246.2020926
2.0345E-01	245.8515772
2.0374E-01	245.5018097
2.0402E-01	245.1527881
2.0431E-01	244.8045103
2.0460E-01	244.4569741
2.0489E-01	244.1101775
2.0517E-01	243.7641183
2.0546E-01	243.4187945
2.0575E-01	243.0742039
2.0603E-01	242.7303446
2.0632E-01	242.3872144
2.0661E-01	242.0448112
2.0690E-01	241.7031331
2.0718E-01	241.362178
2.0747E-01	241.0219438
2.0776E-01	240.6824285
2.0805E-01	240.34363
2.0833E-01	240.0055465
2.0862E-01	239.6681758
2.0891E-01	239.3315159
2.0920E-01	238.9955649
2.0948E-01	238.6603208
2.0977E-01	238.3257816
2.1006E-01	237.9919452
2.1034E-01	237.6588099
2.1063E-01	237.3263735
2.1092E-01	236.9946341
2.1121E-01	236.6635898
2.1149E-01	236.3332387
2.1178E-01	236.0035787
2.1207E-01	235.6746081
2.1236E-01	235.3463248
2.1264E-01	235.0187269
2.1293E-01	234.6918126
2.1322E-01	234.3655799
2.1351E-01	234.040027
2.1379E-01	233.7151519
2.1408E-01	233.3909529
2.1437E-01	233.0674279
2.1466E-01	232.7445751
2.1494E-01	232.4223927
2.1523E-01	232.1008789
2.1552E-01	231.7800317
2.1580E-01	231.4598494
2.1609E-01	231.14033
2.1638E-01	230.8214718
2.1667E-01	230.503273
2.1695E-01	230.1857316
2.1724E-01	229.868846
2.1753E-01	229.5526143
2.1782E-01	229.2370348
2.1810E-01	228.9221055
2.1839E-01	228.6078248
2.1868E-01	228.2941908
2.1897E-01	227.9812018
2.1925E-01	227.6688561
2.1954E-01	227.3571518
2.1983E-01	227.0460871
2.2011E-01	226.7356605
2.2040E-01	226.42587
2.2069E-01	226.116714
2.2098E-01	225.8081908
2.2126E-01	225.5002986
2.2155E-01	225.1930356
2.2184E-01	224.8864003
2.2213E-01	224.5803908
2.2241E-01	224.2750054
2.2270E-01	223.9702426
2.2299E-01	223.6661005
2.2328E-01	223.3625776
2.2356E-01	223.059672
2.2385E-01	222.7573822
2.2414E-01	222.4557065
2.2443E-01	222.1546432
2.2471E-01	221.8541906
2.2500E-01	221.5543472
2.2529E-01	221.2551112
2.2557E-01	220.956481
2.2586E-01	220.6584551
2.2615E-01	220.3610316
2.2644E-01	220.0642092
2.2672E-01	219.767986
2.2701E-01	219.4723606
2.2730E-01	219.1773312
2.2759E-01	218.8828963
2.2787E-01	218.5890544
2.2816E-01	218.2958037
2.2845E-01	218.0031428
2.2874E-01	217.7110701
2.2902E-01	217.4195839
2.2931E-01	217.1286826
2.2960E-01	216.8383649
2.2989E-01	216.548629
2.3017E-01	216.2594734
2.3046E-01	215.9708966
2.3075E-01	215.6828971
2.3103E-01	215.3954732
2.3132E-01	215.1086235
2.3161E-01	214.8223464
2.3190E-01	214.5366404
2.3218E-01	214.251504
2.3247E-01	213.9669357
2.3276E-01	213.682934
2.3305E-01	213.3994973
2.3333E-01	213.1166242
2.3362E-01	212.8343132
2.3391E-01	212.5525627
2.3420E-01	212.2713714
2.3448E-01	211.9907376
2.3477E-01	211.7106601
2.3506E-01	211.4311372
2.3534E-01	211.1521675
2.3563E-01	210.8737496
2.3592E-01	210.595882
2.3621E-01	210.3185632
2.3649E-01	210.0417919
2.3678E-01	209.7655665
2.3707E-01	209.4898857
2.3736E-01	209.214748
2.3764E-01	208.9401519
2.3793E-01	208.6660962
2.3822E-01	208.3925792
2.3851E-01	208.1195997
2.3879E-01	207.8471562
2.3908E-01	207.5752474
2.3937E-01	207.3038717
2.3966E-01	207.0330279
2.3994E-01	206.7627146
2.4023E-01	206.4929302
2.4052E-01	206.2236736
2.4080E-01	205.9549433
2.4109E-01	205.6867379
2.4138E-01	205.4190561
2.4167E-01	205.1518964
2.4195E-01	204.8852577
2.4224E-01	204.6191384
2.4253E-01	204.3535372
2.4282E-01	204.0884529
2.4310E-01	203.823884
2.4339E-01	203.5598293
2.4368E-01	203.2962873
2.4397E-01	203.0332568
2.4425E-01	202.7707365
2.4454E-01	202.508725
2.4483E-01	202.247221
2.4511E-01	201.9862232
2.4540E-01	201.7257302
2.4569E-01	201.4657409
2.4598E-01	201.2062539
2.4626E-01	200.9472679
2.4655E-01	200.6887816
2.4684E-01	200.4307937
2.4713E-01	200.173303
2.4741E-01	199.9163082
2.4770E-01	199.6598079
2.4799E-01	199.403801
2.4828E-01	199.1482862
2.4856E-01	198.8932622
2.4885E-01	198.6387277
2.4914E-01	198.3846815
2.4943E-01	198.1311224
2.4971E-01	197.8780491
2.5000E-01	197.6254603
2.5029E-01	197.3733549
2.5057E-01	197.1217316
2.5086E-01	196.8705891
2.5115E-01	196.6199263
2.5144E-01	196.3697419
2.5172E-01	196.1200347
2.5201E-01	195.8708036
2.5230E-01	195.6220472
2.5259E-01	195.3737644
2.5287E-01	195.1259539
2.5316E-01	194.8786147
2.5345E-01	194.6317454
2.5374E-01	194.385345
2.5402E-01	194.1394121
2.5431E-01	193.8939457
2.5460E-01	193.6489445
2.5489E-01	193.4044074
2.5517E-01	193.1603332
2.5546E-01	192.9167208
2.5575E-01	192.6735689
2.5603E-01	192.4308764
2.5632E-01	192.1886422
2.5661E-01	191.9468651
2.5690E-01	191.7055439
2.5718E-01	191.4646776
2.5747E-01	191.2242649
2.5776E-01	190.9843048
2.5805E-01	190.744796
2.5833E-01	190.5057375
2.5862E-01	190.2671281
2.5891E-01	190.0289668
2.5920E-01	189.7912523
2.5948E-01	189.5539836
2.5977E-01	189.3171596
2.6006E-01	189.0807791
2.6034E-01	188.844841
2.6063E-01	188.6093443
2.6092E-01	188.3742878
2.6121E-01	188.1396704
2.6149E-01	187.9054911
2.6178E-01	187.6717488
2.6207E-01	187.4384423
2.6236E-01	187.2055706
2.6264E-01	186.9731326
2.6293E-01	186.7411273
2.6322E-01	186.5095535
2.6351E-01	186.2784102
2.6379E-01	186.0476963
2.6408E-01	185.8174108
2.6437E-01	185.5875525
2.6466E-01	185.3581206
2.6494E-01	185.1291138
2.6523E-01	184.9005311
2.6552E-01	184.6723715
2.6580E-01	184.444634
2.6609E-01	184.2173175
2.6638E-01	183.990421
2.6667E-01	183.7639434
2.6695E-01	183.5378837
2.6724E-01	183.3122408
2.6753E-01	183.0870139
2.6782E-01	182.8622018
2.6810E-01	182.6378034
2.6839E-01	182.4138179
2.6868E-01	182.1902442
2.6897E-01	181.9670813
2.6925E-01	181.7443281
2.6954E-01	181.5219837
2.6983E-01	181.3000471
2.7011E-01	181.0785172
2.7040E-01	180.8573932
2.7069E-01	180.6366739
2.7098E-01	180.4163584
2.7126E-01	180.1964457
2.7155E-01	179.9769349
2.7184E-01	179.757825
2.7213E-01	179.5391149
2.7241E-01	179.3208037
2.7270E-01	179.1028905
2.7299E-01	178.8853743
2.7328E-01	178.6682541
2.7356E-01	178.4515289
2.7385E-01	178.2351978
2.7414E-01	178.0192598
2.7443E-01	177.8037141
2.7471E-01	177.5885596
2.7500E-01	177.3737953
2.7529E-01	177.1594204
2.7557E-01	176.945434
2.7586E-01	176.731835
2.7615E-01	176.5186225
2.7644E-01	176.3057956
2.7672E-01	176.0933534
2.7701E-01	175.881295
2.7730E-01	175.6696193
2.7759E-01	175.4583256
2.7787E-01	175.2474129
2.7816E-01	175.0368802
2.7845E-01	174.8267267
2.7874E-01	174.6169514
2.7902E-01	174.4075535
2.7931E-01	174.198532
2.7960E-01	173.989886
2.7989E-01	173.7816147
2.8017E-01	173.5737171
2.8046E-01	173.3661923
2.8075E-01	173.1590395
2.8103E-01	172.9522578
2.8132E-01	172.7458462
2.8161E-01	172.539804
2.8190E-01	172.3341301
2.8218E-01	172.1288238
2.8247E-01	171.9238842
2.8276E-01	171.7193103
2.8305E-01	171.5151014
2.8333E-01	171.3112565
2.8362E-01	171.1077748
2.8391E-01	170.9046554
2.8420E-01	170.7018975
2.8448E-01	170.4995002
2.8477E-01	170.2974627
2.8506E-01	170.095784
2.8534E-01	169.8944634
2.8563E-01	169.6935001
2.8592E-01	169.492893
2.8621E-01	169.2926415
2.8649E-01	169.0927447
2.8678E-01	168.8932017
2.8707E-01	168.6940117
2.8736E-01	168.4951739
2.8764E-01	168.2966874
2.8793E-01	168.0985515
2.8822E-01	167.9007652
2.8851E-01	167.7033279
2.8879E-01	167.5062385
2.8908E-01	167.3094964
2.8937E-01	167.1131007
2.8966E-01	166.9170507
2.8994E-01	166.7213454
2.9023E-01	166.5259841
2.9052E-01	166.330966
2.9080E-01	166.1362902
2.9109E-01	165.9419561
2.9138E-01	165.7479627
2.9167E-01	165.5543093
2.9195E-01	165.3609951
2.9224E-01	165.1680192
2.9253E-01	164.975381
2.9282E-01	164.7830796
2.9310E-01	164.5911143
2.9339E-01	164.3994842
2.9368E-01	164.2081885
2.9397E-01	164.0172266
2.9425E-01	163.8265976
2.9454E-01	163.6363007
2.9483E-01	163.4463352
2.9511E-01	163.2567003
2.9540E-01	163.0673952
2.9569E-01	162.8784192
2.9598E-01	162.6897715
2.9626E-01	162.5014514
2.9655E-01	162.3134581
2.9684E-01	162.1257908
2.9713E-01	161.9384488
2.9741E-01	161.7514313
2.9770E-01	161.5647376
2.9799E-01	161.3783669
2.9828E-01	161.1923186
2.9856E-01	161.0065917
2.9885E-01	160.8211857
2.9914E-01	160.6360998
2.9943E-01	160.4513332
2.9971E-01	160.2668852
3.0000E-01	160.0827551
3.0029E-01	159.8989421
3.0057E-01	159.7154455
3.0086E-01	159.5322646
3.0115E-01	159.3493986
3.0144E-01	159.1668469
3.0172E-01	158.9846087
3.0201E-01	158.8026833
3.0230E-01	158.62107
3.0259E-01	158.4397681
3.0287E-01	158.2587768
3.0316E-01	158.0780955
3.0345E-01	157.8977234
3.0374E-01	157.7176599
3.0402E-01	157.5379042
3.0431E-01	157.3584557
3.0460E-01	157.1793135
3.0489E-01	157.0004771
3.0517E-01	156.8219458
3.0546E-01	156.6437188
3.0575E-01	156.4657955
3.0603E-01	156.2881751
3.0632E-01	156.110857
3.0661E-01	155.9338405
3.0690E-01	155.7571249
3.0718E-01	155.5807096
3.0747E-01	155.4045938
3.0776E-01	155.2287769
3.0805E-01	155.0532581
3.0833E-01	154.8780369
3.0862E-01	154.7031126
3.0891E-01	154.5284844
3.0920E-01	154.3541517
3.0948E-01	154.1801139
3.0977E-01	154.0063703
3.1006E-01	153.8329202
3.1034E-01	153.6597629
3.1063E-01	153.4868978
3.1092E-01	153.3143243
3.1121E-01	153.1420417
3.1149E-01	152.9700493
3.1178E-01	152.7983465
3.1207E-01	152.6269326
3.1236E-01	152.455807
3.1264E-01	152.2849691
3.1293E-01	152.1144181
3.1322E-01	151.9441535
3.1351E-01	151.7741746
3.1379E-01	151.6044807
3.1408E-01	151.4350713
3.1437E-01	151.2659457
3.1466E-01	151.0971033
3.1494E-01	150.9285434
3.1523E-01	150.7602654
3.1552E-01	150.5922687
3.1580E-01	150.4245526
3.1609E-01	150.2571166
3.1638E-01	150.08996
3.1667E-01	149.9230821
3.1695E-01	149.7564824
3.1724E-01	149.5901602
3.1753E-01	149.424115
3.1782E-01	149.2583461
3.1810E-01	149.0928529
3.1839E-01	148.9276347
3.1868E-01	148.7626911
3.1897E-01	148.5980213
3.1925E-01	148.4336248
3.1954E-01	148.2695009
3.1983E-01	148.1056491
3.2011E-01	147.9420688
3.2040E-01	147.7787593
3.2069E-01	147.6157201
3.2098E-01	147.4529505
3.2126E-01	147.2904501
3.2155E-01	147.1282181
3.2184E-01	146.9662539
3.2213E-01	146.8045571
3.2241E-01	146.643127
3.2270E-01	146.481963
3.2299E-01	146.3210646
3.2328E-01	146.1604311
3.2356E-01	146.0000619
3.2385E-01	145.8399566
3.2414E-01	145.6801145
3.2443E-01	145.520535
3.2471E-01	145.3612176
3.2500E-01	145.2021617
3.2529E-01	145.0433667
3.2557E-01	144.884832
3.2586E-01	144.7265571
3.2615E-01	144.5685415
3.2644E-01	144.4107845
3.2672E-01	144.2532855
3.2701E-01	144.0960441
3.2730E-01	143.9390597
3.2759E-01	143.7823316
3.2787E-01	143.6258594
3.2816E-01	143.4696424
3.2845E-01	143.3136802
3.2874E-01	143.1579722
3.2902E-01	143.0025178
3.2931E-01	142.8473165
3.2960E-01	142.6923677
3.2989E-01	142.5376708
3.3017E-01	142.3832254
3.3046E-01	142.2290309
3.3075E-01	142.0750867
3.3103E-01	141.9213924
3.3132E-01	141.7679473
3.3161E-01	141.6147509
3.3190E-01	141.4618027
3.3218E-01	141.3091021
3.3247E-01	141.1566487
3.3276E-01	141.0044418
3.3305E-01	140.852481
3.3333E-01	140.7007657
3.3362E-01	140.5492954
3.3391E-01	140.3980696
3.3420E-01	140.2470877
3.3448E-01	140.0963493
3.3477E-01	139.9458537
3.3506E-01	139.7956005
3.3534E-01	139.6455891
3.3563E-01	139.4958191
3.3592E-01	139.3462898
3.3621E-01	139.1970009
3.3649E-01	139.0479518
3.3678E-01	138.8991419
3.3707E-01	138.7505708
3.3736E-01	138.6022379
3.3764E-01	138.4541428
3.3793E-01	138.3062849
3.3822E-01	138.1586637
3.3851E-01	138.0112788
3.3879E-01	137.8641295
3.3908E-01	137.7172155
3.3937E-01	137.5705362
3.3966E-01	137.4240911
3.3994E-01	137.2778797
3.4023E-01	137.1319016
3.4052E-01	136.9861561
3.4080E-01	136.8406429
3.4109E-01	136.6953614
3.4138E-01	136.5503112
3.4167E-01	136.4054917
3.4195E-01	136.2609024
3.4224E-01	136.116543
3.4253E-01	135.9724128
3.4282E-01	135.8285114
3.4310E-01	135.6848384
3.4339E-01	135.5413932
3.4368E-01	135.3981753
3.4397E-01	135.2551843
3.4425E-01	135.1124197
3.4454E-01	134.9698811
3.4483E-01	134.8275678
3.4511E-01	134.6854795
3.4540E-01	134.5436158
3.4569E-01	134.401976
3.4598E-01	134.2605598
3.4626E-01	134.1193667
3.4655E-01	133.9783961
3.4684E-01	133.8376478
3.4713E-01	133.697121
3.4741E-01	133.5568155
3.4770E-01	133.4167308
3.4799E-01	133.2768663
3.4828E-01	133.1372217
3.4856E-01	132.9977964
3.4885E-01	132.85859
3.4914E-01	132.719602
3.4943E-01	132.5808321
3.4971E-01	132.4422796
3.5000E-01	132.3039443
3.5029E-01	132.1658255
3.5057E-01	132.027923
3.5086E-01	131.8902361
3.5115E-01	131.7527646
3.5144E-01	131.6155078
3.5172E-01	131.4784654
3.5201E-01	131.341637
3.5230E-01	131.205022
3.5259E-01	131.0686201
3.5287E-01	130.9324308
3.5316E-01	130.7964536
3.5345E-01	130.6606881
3.5374E-01	130.5251339
3.5402E-01	130.3897906
3.5431E-01	130.2546576
3.5460E-01	130.1197347
3.5489E-01	129.9850212
3.5517E-01	129.8505168
3.5546E-01	129.7162212
3.5575E-01	129.5821337
3.5603E-01	129.448254
3.5632E-01	129.3145817
3.5661E-01	129.1811164
3.5690E-01	129.0478576
3.5718E-01	128.9148048
3.5747E-01	128.7819578
3.5776E-01	128.6493159
3.5805E-01	128.5168789
3.5833E-01	128.3846463
3.5862E-01	128.2526177
3.5891E-01	128.1207926
3.5920E-01	127.9891707
3.5948E-01	127.8577515
3.5977E-01	127.7265346
3.6006E-01	127.5955196
3.6034E-01	127.4647061
3.6063E-01	127.3340936
3.6092E-01	127.2036818
3.6121E-01	127.0734702
3.6149E-01	126.9434585
3.6178E-01	126.8136462
3.6207E-01	126.6840329
3.6236E-01	126.5546183
3.6264E-01	126.4254018
3.6293E-01	126.2963831
3.6322E-01	126.1675618
3.6351E-01	126.0389376
3.6379E-01	125.9105099
3.6408E-01	125.7822784
3.6437E-01	125.6542427
3.6466E-01	125.5264024
3.6494E-01	125.3987571
3.6523E-01	125.2713064
3.6552E-01	125.1440499
3.6580E-01	125.0169872
3.6609E-01	124.8901179
3.6638E-01	124.7634417
3.6667E-01	124.6369581
3.6695E-01	124.5106667
3.6724E-01	124.3845672
3.6753E-01	124.2586591
3.6782E-01	124.1329422
3.6810E-01	124.0074159
3.6839E-01	123.8820799
3.6868E-01	123.7569339
3.6897E-01	123.6319774
3.6925E-01	123.50721
3.6954E-01	123.3826314
3.6983E-01	123.2582413
3.7011E-01	123.1340391
3.7040E-01	123.0100246
3.7069E-01	122.8861973
3.7098E-01	122.7625569
3.7126E-01	122.639103
3.7155E-01	122.5158352
3.7184E-01	122.3927532
3.7213E-01	122.2698566
3.7241E-01	122.147145
3.7270E-01	122.024618
3.7299E-01	121.9022753
3.7328E-01	121.7801165
3.7356E-01	121.6581412
3.7385E-01	121.5363491
3.7414E-01	121.4147398
3.7443E-01	121.293313
3.7471E-01	121.1720682
3.7500E-01	121.051005
3.7529E-01	120.9301233
3.7557E-01	120.8094225
3.7586E-01	120.6889023
3.7615E-01	120.5685624
3.7644E-01	120.4484024
3.7672E-01	120.3284219
3.7701E-01	120.2086207
3.7730E-01	120.0889982
3.7759E-01	119.9695542
3.7787E-01	119.8502883
3.7816E-01	119.7312002
3.7845E-01	119.6122895
3.7874E-01	119.4935558
3.7902E-01	119.3749989
3.7931E-01	119.2566183
3.7960E-01	119.1384137
3.7989E-01	119.0203848
3.8017E-01	118.9025311
3.8046E-01	118.7848525
3.8075E-01	118.6673484
3.8103E-01	118.5500186
3.8132E-01	118.4328628
3.8161E-01	118.3158805
3.8190E-01	118.1990715
3.8218E-01	118.0824353
3.8247E-01	117.9659718
3.8276E-01	117.8496804
3.8305E-01	117.7335609
3.8333E-01	117.6176129
3.8362E-01	117.5018362
3.8391E-01	117.3862303
3.8420E-01	117.2707949
3.8448E-01	117.1555298
3.8477E-01	117.0404344
3.8506E-01	116.9255086
3.8534E-01	116.810752
3.8563E-01	116.6961643
3.8592E-01	116.5817451
3.8621E-01	116.4674941
3.8649E-01	116.3534109
3.8678E-01	116.2394953
3.8707E-01	116.1257469
3.8736E-01	116.0121654
3.8764E-01	115.8987504
3.8793E-01	115.7855017
3.8822E-01	115.6724189
3.8851E-01	115.5595017
3.8879E-01	115.4467497
3.8908E-01	115.3341627
3.8937E-01	115.2217402
3.8966E-01	115.1094821
3.8994E-01	114.997388
3.9023E-01	114.8854575
3.9052E-01	114.7736904
3.9080E-01	114.6620862
3.9109E-01	114.5506448
3.9138E-01	114.4393658
3.9167E-01	114.3282488
3.9195E-01	114.2172936
3.9224E-01	114.1064998
3.9253E-01	113.9958672
3.9282E-01	113.8853954
3.9310E-01	113.7750841
3.9339E-01	113.664933
3.9368E-01	113.5549418
3.9397E-01	113.4451101
3.9425E-01	113.3354378
3.9454E-01	113.2259244
3.9483E-01	113.1165696
3.9511E-01	113.0073732
3.9540E-01	112.8983348
3.9569E-01	112.7894542
3.9598E-01	112.680731
3.9626E-01	112.5721649
3.9655E-01	112.4637557
3.9684E-01	112.3555029
3.9713E-01	112.2474064
3.9741E-01	112.1394659
3.9770E-01	112.0316809
3.9799E-01	111.9240513
3.9828E-01	111.8165767
3.9856E-01	111.7092568
3.9885E-01	111.6020914
3.9914E-01	111.4950801
3.9943E-01	111.3882226
3.9971E-01	111.2815187
4.0000E-01	111.1749681
4.0029E-01	111.0685704
4.0057E-01	110.9623253
4.0086E-01	110.8562327
4.0115E-01	110.7502921
4.0144E-01	110.6445033
4.0172E-01	110.538866
4.0201E-01	110.4333799
4.0230E-01	110.3280448
4.0259E-01	110.2228603
4.0287E-01	110.1178261
4.0316E-01	110.012942
4.0345E-01	109.9082077
4.0374E-01	109.8036228
4.0402E-01	109.6991872
4.0431E-01	109.5949005
4.0460E-01	109.4907624
4.0489E-01	109.3867727
4.0517E-01	109.2829311
4.0546E-01	109.1792373
4.0575E-01	109.075691
4.0603E-01	108.9722919
4.0632E-01	108.8690398
4.0661E-01	108.7659343
4.0690E-01	108.6629753
4.0718E-01	108.5601624
4.0747E-01	108.4574953
4.0776E-01	108.3549738
4.0805E-01	108.2525976
4.0833E-01	108.1503665
4.0862E-01	108.04828
4.0891E-01	107.9463381
4.0920E-01	107.8445403
4.0948E-01	107.7428865
4.0977E-01	107.6413764
4.1006E-01	107.5400096
4.1034E-01	107.4387859
4.1063E-01	107.3377051
4.1092E-01	107.2367669
4.1121E-01	107.135971
4.1149E-01	107.0353172
4.1178E-01	106.9348051
4.1207E-01	106.8344345
4.1236E-01	106.7342052
4.1264E-01	106.6341169
4.1293E-01	106.5341693
4.1322E-01	106.4343621
4.1351E-01	106.3346951
4.1379E-01	106.2351681
4.1408E-01	106.1357807
4.1437E-01	106.0365327
4.1466E-01	105.9374239
4.1494E-01	105.838454
4.1523E-01	105.7396227
4.1552E-01	105.6409297
4.1580E-01	105.5423749
4.1609E-01	105.4439579
4.1638E-01	105.3456785
4.1667E-01	105.2475365
4.1695E-01	105.1495315
4.1724E-01	105.0516634
4.1753E-01	104.9539318
4.1782E-01	104.8563366
4.1810E-01	104.7588774
4.1839E-01	104.661554
4.1868E-01	104.5643662
4.1897E-01	104.4673137
4.1925E-01	104.3703963
4.1954E-01	104.2736137
4.1983E-01	104.1769656
4.2011E-01	104.0804518
4.2040E-01	103.9840721
4.2069E-01	103.8878262
4.2098E-01	103.7917139
4.2126E-01	103.6957349
4.2155E-01	103.5998889
4.2184E-01	103.5041758
4.2213E-01	103.4085953
4.2241E-01	103.3131471
4.2270E-01	103.2178309
4.2299E-01	103.1226467
4.2328E-01	103.027594
4.2356E-01	102.9326727
4.2385E-01	102.8378825
4.2414E-01	102.7432232
4.2443E-01	102.6486945
4.2471E-01	102.5542962
4.2500E-01	102.4600281
4.2529E-01	102.3658899
4.2557E-01	102.2718814
4.2586E-01	102.1780023
4.2615E-01	102.0842524
4.2644E-01	101.9906315
4.2672E-01	101.8971393
4.2701E-01	101.8037756
4.2730E-01	101.7105402
4.2759E-01	101.6174328
4.2787E-01	101.5244531
4.2816E-01	101.4316011
4.2845E-01	101.3388763
4.2874E-01	101.2462787
4.2902E-01	101.1538079
4.2931E-01	101.0614637
4.2960E-01	100.9692459
4.2989E-01	100.8771543
4.3017E-01	100.7851887
4.3046E-01	100.6933487
4.3075E-01	100.6016342
4.3103E-01	100.5100449
4.3132E-01	100.4185807
4.3161E-01	100.3272413
4.3190E-01	100.2360264
4.3218E-01	100.1449359
4.3247E-01	100.0539695
4.3276E-01	99.96312693
4.3305E-01	99.87240806
4.3333E-01	99.78181263
4.3362E-01	99.69134042
4.3391E-01	99.60099119
4.3420E-01	99.51076473
4.3448E-01	99.42066082
4.3477E-01	99.33067923
4.3506E-01	99.24081975
4.3534E-01	99.15108215
4.3563E-01	99.06146621
4.3592E-01	98.97197171
4.3621E-01	98.88259843
4.3649E-01	98.79334616
4.3678E-01	98.70421467
4.3707E-01	98.61520375
4.3736E-01	98.52631318
4.3764E-01	98.43754274
4.3793E-01	98.34889222
4.3822E-01	98.2603614
4.3851E-01	98.17195007
4.3879E-01	98.08365801
4.3908E-01	97.995485
4.3937E-01	97.90743083
4.3966E-01	97.8194953
4.3994E-01	97.73167818
4.4023E-01	97.64397926
4.4052E-01	97.55639833
4.4080E-01	97.46893519
4.4109E-01	97.38158961
4.4138E-01	97.29436139
4.4167E-01	97.20725032
4.4195E-01	97.12025618
4.4224E-01	97.03337878
4.4253E-01	96.94661789
4.4282E-01	96.85997332
4.4310E-01	96.77344485
4.4339E-01	96.68703228
4.4368E-01	96.60073539
4.4397E-01	96.514554
4.4425E-01	96.42848787
4.4454E-01	96.34253682
4.4483E-01	96.25670064
4.4511E-01	96.17097912
4.4540E-01	96.08537206
4.4569E-01	95.99987925
4.4598E-01	95.91450049
4.4626E-01	95.82923558
4.4655E-01	95.74408432
4.4684E-01	95.6590465
4.4713E-01	95.57412193
4.4741E-01	95.48931039
4.4770E-01	95.4046117
4.4799E-01	95.32002565
4.4828E-01	95.23555204
4.4856E-01	95.15119067
4.4885E-01	95.06694135
4.4914E-01	94.98280387
4.4943E-01	94.89877804
4.4971E-01	94.81486366
4.5000E-01	94.73106053
4.5029E-01	94.64736846
4.5057E-01	94.56378725
4.5086E-01	94.4803167
4.5115E-01	94.39695662
4.5144E-01	94.31370682
4.5172E-01	94.2305671
4.5201E-01	94.14753726
4.5230E-01	94.06461711
4.5259E-01	93.98180647
4.5287E-01	93.89910513
4.5316E-01	93.8165129
4.5345E-01	93.7340296
4.5374E-01	93.65165503
4.5402E-01	93.569389
4.5431E-01	93.48723132
4.5460E-01	93.40518179
4.5489E-01	93.32324024
4.5517E-01	93.24140646
4.5546E-01	93.15968028
4.5575E-01	93.0780615
4.5603E-01	92.99654994
4.5632E-01	92.9151454
4.5661E-01	92.8338477
4.5690E-01	92.75265665
4.5718E-01	92.67157207
4.5747E-01	92.59059377
4.5776E-01	92.50972156
4.5805E-01	92.42895526
4.5833E-01	92.34829469
4.5862E-01	92.26773966
4.5891E-01	92.18728998
4.5920E-01	92.10694547
4.5948E-01	92.02670596
4.5977E-01	91.94657125
4.6006E-01	91.86654116
4.6034E-01	91.78661551
4.6063E-01	91.70679413
4.6092E-01	91.62707682
4.6121E-01	91.54746341
4.6149E-01	91.46795372
4.6178E-01	91.38854757
4.6207E-01	91.30924477
4.6236E-01	91.23004515
4.6264E-01	91.15094853
4.6293E-01	91.07195473
4.6322E-01	90.99306358
4.6351E-01	90.91427489
4.6379E-01	90.83558848
4.6408E-01	90.75700419
4.6437E-01	90.67852183
4.6466E-01	90.60014123
4.6494E-01	90.52186221
4.6523E-01	90.4436846
4.6552E-01	90.36560822
4.6580E-01	90.28763289
4.6609E-01	90.20975845
4.6638E-01	90.13198471
4.6667E-01	90.05431151
4.6695E-01	89.97673868
4.6724E-01	89.89926603
4.6753E-01	89.82189339
4.6782E-01	89.74462061
4.6810E-01	89.66744749
4.6839E-01	89.59037388
4.6868E-01	89.51339959
4.6897E-01	89.43652447
4.6925E-01	89.35974833
4.6954E-01	89.28307101
4.6983E-01	89.20649235
4.7011E-01	89.13001216
4.7040E-01	89.05363029
4.7069E-01	88.97734656
4.7098E-01	88.90116081
4.7126E-01	88.82507286
4.7155E-01	88.74908255
4.7184E-01	88.67318972
4.7213E-01	88.59739419
4.7241E-01	88.52169581
4.7270E-01	88.4460944
4.7299E-01	88.3705898
4.7328E-01	88.29518184
4.7356E-01	88.21987036
4.7385E-01	88.1446552
4.7414E-01	88.06953618
4.7443E-01	87.99451315
4.7471E-01	87.91958595
4.7500E-01	87.8447544
4.7529E-01	87.77001836
4.7557E-01	87.69537764
4.7586E-01	87.6208321
4.7615E-01	87.54638157
4.7644E-01	87.47202589
4.7672E-01	87.3977649
4.7701E-01	87.32359844
4.7730E-01	87.24952634
4.7759E-01	87.17554845
4.7787E-01	87.10166461
4.7816E-01	87.02787466
4.7845E-01	86.95417843
4.7874E-01	86.88057578
4.7902E-01	86.80706654
4.7931E-01	86.73365055
4.7960E-01	86.66032766
4.7989E-01	86.58709771
4.8017E-01	86.51396054
4.8046E-01	86.440916
4.8075E-01	86.36796393
4.8103E-01	86.29510417
4.8132E-01	86.22233656
4.8161E-01	86.14966096
4.8190E-01	86.07707721
4.8218E-01	86.00458515
4.8247E-01	85.93218463
4.8276E-01	85.85987549
4.8305E-01	85.78765758
4.8333E-01	85.71553075
4.8362E-01	85.64349484
4.8391E-01	85.5715497
4.8420E-01	85.49969518
4.8448E-01	85.42793113
4.8477E-01	85.35625739
4.8506E-01	85.28467382
4.8534E-01	85.21318026
4.8563E-01	85.14177656
4.8592E-01	85.07046257
4.8621E-01	84.99923814
4.8649E-01	84.92810312
4.8678E-01	84.85705736
4.8707E-01	84.78610071
4.8736E-01	84.71523303
4.8764E-01	84.64445416
4.8793E-01	84.57376395
4.8822E-01	84.50316227
4.8851E-01	84.43264895
4.8879E-01	84.36222386
4.8908E-01	84.29188684
4.8937E-01	84.22163775
4.8966E-01	84.15147644
4.8994E-01	84.08140277
4.9023E-01	84.01141659
4.9052E-01	83.94151775
4.9080E-01	83.87170611
4.9109E-01	83.80198153
4.9138E-01	83.73234385
4.9167E-01	83.66279294
4.9195E-01	83.59332865
4.9224E-01	83.52395084
4.9253E-01	83.45465936
4.9282E-01	83.38545408
4.9310E-01	83.31633484
4.9339E-01	83.2473015
4.9368E-01	83.17835393
4.9397E-01	83.10949198
4.9425E-01	83.04071551
4.9454E-01	82.97202437
4.9483E-01	82.90341844
4.9511E-01	82.83489756
4.9540E-01	82.76646159
4.9569E-01	82.6981104
4.9598E-01	82.62984384
4.9626E-01	82.56166178
4.9655E-01	82.49356407
4.9684E-01	82.42555058
4.9713E-01	82.35762117
4.9741E-01	82.2897757
4.9770E-01	82.22201403
4.9799E-01	82.15433603
4.9828E-01	82.08674154
4.9856E-01	82.01923045
4.9885E-01	81.95180261
4.9914E-01	81.88445788
4.9943E-01	81.81719613
4.9971E-01	81.75001722
5.0000E-01	81.68292102
5.0029E-01	81.61590739
5.0057E-01	81.54897619
5.0086E-01	81.48212729
5.0115E-01	81.41536055
5.0144E-01	81.34867585
5.0172E-01	81.28207304
5.0201E-01	81.21555199
5.0230E-01	81.14911257
5.0259E-01	81.08275464
5.0287E-01	81.01647807
5.0316E-01	80.95028273
5.0345E-01	80.88416849
5.0374E-01	80.81813521
5.0402E-01	80.75218276
5.0431E-01	80.68631101
5.0460E-01	80.62051983
5.0489E-01	80.55480908
5.0517E-01	80.48917864
5.0546E-01	80.42362837
5.0575E-01	80.35815814
5.0603E-01	80.29276783
5.0632E-01	80.2274573
5.0661E-01	80.16222642
5.0690E-01	80.09707507
5.0718E-01	80.03200312
5.0747E-01	79.96701042
5.0776E-01	79.90209687
5.0805E-01	79.83726233
5.0833E-01	79.77250666
5.0862E-01	79.70782975
5.0891E-01	79.64323146
5.0920E-01	79.57871167
5.0948E-01	79.51427025
5.0977E-01	79.44990708
5.1006E-01	79.38562202
5.1034E-01	79.32141495
5.1063E-01	79.25728575
5.1092E-01	79.19323428
5.1121E-01	79.12926043
5.1149E-01	79.06536407
5.1178E-01	79.00154507
5.1207E-01	78.9378033
5.1236E-01	78.87413865
5.1264E-01	78.81055099
5.1293E-01	78.74704019
5.1322E-01	78.68360614
5.1351E-01	78.6202487
5.1379E-01	78.55696775
5.1408E-01	78.49376318
5.1437E-01	78.43063485
5.1466E-01	78.36758265
5.1494E-01	78.30460646
5.1523E-01	78.24170614
5.1552E-01	78.17888158
5.1580E-01	78.11613267
5.1609E-01	78.05345926
5.1638E-01	77.99086125
5.1667E-01	77.92833852
5.1695E-01	77.86589094
5.1724E-01	77.80351839
5.1753E-01	77.74122076
5.1782E-01	77.67899792
5.1810E-01	77.61684975
5.1839E-01	77.55477614
5.1868E-01	77.49277696
5.1897E-01	77.43085209
5.1925E-01	77.36900143
5.1954E-01	77.30722484
5.1983E-01	77.24552221
5.2011E-01	77.18389343
5.2040E-01	77.12233837
5.2069E-01	77.06085691
5.2098E-01	76.99944895
5.2126E-01	76.93811436
5.2155E-01	76.87685302
5.2184E-01	76.81566483
5.2213E-01	76.75454965
5.2241E-01	76.69350739
5.2270E-01	76.63253791
5.2299E-01	76.57164111
5.2328E-01	76.51081687
5.2356E-01	76.45006507
5.2385E-01	76.3893856
5.2414E-01	76.32877835
5.2443E-01	76.26824319
5.2471E-01	76.20778003
5.2500E-01	76.14738873
5.2529E-01	76.08706919
5.2557E-01	76.0268213
5.2586E-01	75.96664493
5.2615E-01	75.90653999
5.2644E-01	75.84650634
5.2672E-01	75.78654389
5.2701E-01	75.72665252
5.2730E-01	75.66683212
5.2759E-01	75.60708257
5.2787E-01	75.54740376
5.2816E-01	75.48779559
5.2845E-01	75.42825793
5.2874E-01	75.36879069
5.2902E-01	75.30939374
5.2931E-01	75.25006698
5.2960E-01	75.19081029
5.2989E-01	75.13162357
5.3017E-01	75.07250671
5.3046E-01	75.01345959
5.3075E-01	74.95448211
5.3103E-01	74.89557416
5.3132E-01	74.83673563
5.3161E-01	74.7779664
5.3190E-01	74.71926637
5.3218E-01	74.66063544
5.3247E-01	74.60207349
5.3276E-01	74.54358041
5.3305E-01	74.4851561
5.3333E-01	74.42680045
5.3362E-01	74.36851335
5.3391E-01	74.31029469
5.3420E-01	74.25214437
5.3448E-01	74.19406229
5.3477E-01	74.13604832
5.3506E-01	74.07810237
5.3534E-01	74.02022434
5.3563E-01	73.9624141
5.3592E-01	73.90467157
5.3621E-01	73.84699663
5.3649E-01	73.78938918
5.3678E-01	73.73184911
5.3707E-01	73.67437631
5.3736E-01	73.61697069
5.3764E-01	73.55963214
5.3793E-01	73.50236055
5.3822E-01	73.44515582
5.3851E-01	73.38801785
5.3879E-01	73.33094652
5.3908E-01	73.27394175
5.3937E-01	73.21700341
5.3966E-01	73.16013142
5.3994E-01	73.10332567
5.4023E-01	73.04658605
5.4052E-01	72.98991247
5.4080E-01	72.93330482
5.4109E-01	72.87676299
5.4138E-01	72.82028689
5.4167E-01	72.76387641
5.4195E-01	72.70753146
5.4224E-01	72.65125192
5.4253E-01	72.59503771
5.4282E-01	72.53888872
5.4310E-01	72.48280484
5.4339E-01	72.42678598
5.4368E-01	72.37083204
5.4397E-01	72.31494291
5.4425E-01	72.2591185
5.4454E-01	72.20335871
5.4483E-01	72.14766343
5.4511E-01	72.09203257
5.4540E-01	72.03646603
5.4569E-01	71.98096371
5.4598E-01	71.92552551
5.4626E-01	71.87015133
5.4655E-01	71.81484107
5.4684E-01	71.75959464
5.4713E-01	71.70441193
5.4741E-01	71.64929285
5.4770E-01	71.59423731
5.4799E-01	71.53924519
5.4828E-01	71.48431641
5.4856E-01	71.42945087
5.4885E-01	71.37464847
5.4914E-01	71.31990911
5.4943E-01	71.26523271
5.4971E-01	71.21061915
5.5000E-01	71.15606835
5.5029E-01	71.10158021
5.5057E-01	71.04715463
5.5086E-01	70.99279151
5.5115E-01	70.93849077
5.5144E-01	70.88425231
5.5172E-01	70.83007602
5.5201E-01	70.77596182
5.5230E-01	70.72190962
5.5259E-01	70.66791931
5.5287E-01	70.6139908
5.5316E-01	70.560124
5.5345E-01	70.50631881
5.5374E-01	70.45257515
5.5402E-01	70.39889291
5.5431E-01	70.345272
5.5460E-01	70.29171233
5.5489E-01	70.23821381
5.5517E-01	70.18477634
5.5546E-01	70.13139983
5.5575E-01	70.07808418
5.5603E-01	70.02482931
5.5632E-01	69.97163513
5.5661E-01	69.91850153
5.5690E-01	69.86542843
5.5718E-01	69.81241574
5.5747E-01	69.75946337
5.5776E-01	69.70657121
5.5805E-01	69.65373919
5.5833E-01	69.60096721
5.5862E-01	69.54825518
5.5891E-01	69.49560301
5.5920E-01	69.44301061
5.5948E-01	69.39047788
5.5977E-01	69.33800475
5.6006E-01	69.28559111
5.6034E-01	69.23323688
5.6063E-01	69.18094197
5.6092E-01	69.12870628
5.6121E-01	69.07652974
5.6149E-01	69.02441224
5.6178E-01	68.97235371
5.6207E-01	68.92035405
5.6236E-01	68.86841317
5.6264E-01	68.81653098
5.6293E-01	68.76470741
5.6322E-01	68.71294235
5.6351E-01	68.66123572
5.6379E-01	68.60958743
5.6408E-01	68.5579974
5.6437E-01	68.50646553
5.6466E-01	68.45499174
5.6494E-01	68.40357595
5.6523E-01	68.35221806
5.6552E-01	68.30091799
5.6580E-01	68.24967565
5.6609E-01	68.19849095
5.6638E-01	68.14736381
5.6667E-01	68.09629415
5.6695E-01	68.04528187
5.6724E-01	67.99432689
5.6753E-01	67.94342913
5.6782E-01	67.89258849
5.6810E-01	67.8418049
5.6839E-01	67.79107826
5.6868E-01	67.7404085
5.6897E-01	67.68979552
5.6925E-01	67.63923925
5.6954E-01	67.58873959
5.6983E-01	67.53829647
5.7011E-01	67.4879098
5.7040E-01	67.4375795
5.7069E-01	67.38730547
5.7098E-01	67.33708764
5.7126E-01	67.28692593
5.7155E-01	67.23682025
5.7184E-01	67.18677051
5.7213E-01	67.13677663
5.7241E-01	67.08683854
5.7270E-01	67.03695614
5.7299E-01	66.98712936
5.7328E-01	66.93735811
5.7356E-01	66.8876423
5.7385E-01	66.83798187
5.7414E-01	66.78837672
5.7443E-01	66.73882677
5.7471E-01	66.68933194
5.7500E-01	66.63989216
5.7529E-01	66.59050733
5.7557E-01	66.54117737
5.7586E-01	66.49190221
5.7615E-01	66.44268177
5.7644E-01	66.39351595
5.7672E-01	66.34440469
5.7701E-01	66.2953479
5.7730E-01	66.24634551
5.7759E-01	66.19739742
5.7787E-01	66.14850356
5.7816E-01	66.09966385
5.7845E-01	66.05087821
5.7874E-01	66.00214656
5.7902E-01	65.95346882
5.7931E-01	65.90484492
5.7960E-01	65.85627476
5.7989E-01	65.80775828
5.8017E-01	65.75929539
5.8046E-01	65.71088602
5.8075E-01	65.66253008
5.8103E-01	65.6142275
5.8132E-01	65.5659782
5.8161E-01	65.5177821
5.8190E-01	65.46963912
5.8218E-01	65.42154919
5.8247E-01	65.37351222
5.8276E-01	65.32552814
5.8305E-01	65.27759687
5.8333E-01	65.22971833
5.8362E-01	65.18189246
5.8391E-01	65.13411916
5.8420E-01	65.08639836
5.8448E-01	65.03872999
5.8477E-01	64.99111396
5.8506E-01	64.94355021
5.8534E-01	64.89603865
5.8563E-01	64.84857921
5.8592E-01	64.80117182
5.8621E-01	64.75381639
5.8649E-01	64.70651285
5.8678E-01	64.65926112
5.8707E-01	64.61206114
5.8736E-01	64.56491282
5.8764E-01	64.51781609
5.8793E-01	64.47077087
5.8822E-01	64.42377708
5.8851E-01	64.37683467
5.8879E-01	64.32994354
5.8908E-01	64.28310362
5.8937E-01	64.23631484
5.8966E-01	64.18957713
5.8994E-01	64.14289041
5.9023E-01	64.0962546
5.9052E-01	64.04966964
5.9080E-01	64.00313544
5.9109E-01	63.95665194
5.9138E-01	63.91021906
5.9167E-01	63.86383672
5.9195E-01	63.81750486
5.9224E-01	63.77122341
5.9253E-01	63.72499228
5.9282E-01	63.6788114
5.9310E-01	63.63268071
5.9339E-01	63.58660012
5.9368E-01	63.54056958
5.9397E-01	63.49458899
5.9425E-01	63.4486583
5.9454E-01	63.40277743
5.9483E-01	63.35694631
5.9511E-01	63.31116486
5.9540E-01	63.26543302
5.9569E-01	63.21975071
5.9598E-01	63.17411786
5.9626E-01	63.1285344
5.9655E-01	63.08300026
5.9684E-01	63.03751537
5.9713E-01	62.99207965
5.9741E-01	62.94669304
5.9770E-01	62.90135546
5.9799E-01	62.85606685
5.9828E-01	62.81082713
5.9856E-01	62.76563624
5.9885E-01	62.7204941
5.9914E-01	62.67540064
5.9943E-01	62.63035579
5.9971E-01	62.58535949
6.0000E-01	62.54041166
6.0029E-01	62.49551223
6.0057E-01	62.45066114
6.0086E-01	62.40585832
6.0115E-01	62.36110369
6.0144E-01	62.31639718
6.0172E-01	62.27173874
6.0201E-01	62.22712828
6.0230E-01	62.18256574
6.0259E-01	62.13805106
6.0287E-01	62.09358416
6.0316E-01	62.04916497
6.0345E-01	62.00479343
6.0374E-01	61.96046947
6.0402E-01	61.91619301
6.0431E-01	61.871964
6.0460E-01	61.82778237
6.0489E-01	61.78364804
6.0517E-01	61.73956095
6.0546E-01	61.69552103
6.0575E-01	61.65152822
6.0603E-01	61.60758245
6.0632E-01	61.56368365
6.0661E-01	61.51983175
6.0690E-01	61.47602668
6.0718E-01	61.43226839
6.0747E-01	61.3885568
6.0776E-01	61.34489185
6.0805E-01	61.30127347
6.0833E-01	61.2577016
6.0862E-01	61.21417616
6.0891E-01	61.17069709
6.0920E-01	61.12726434
6.0948E-01	61.08387782
6.0977E-01	61.04053748
6.1006E-01	60.99724325
6.1034E-01	60.95399506
6.1063E-01	60.91079286
6.1092E-01	60.86763657
6.1121E-01	60.82452612
6.1149E-01	60.78146146
6.1178E-01	60.73844252
6.1207E-01	60.69546924
6.1236E-01	60.65254155
6.1264E-01	60.60965938
6.1293E-01	60.56682267
6.1322E-01	60.52403136
6.1351E-01	60.48128538
6.1379E-01	60.43858467
6.1408E-01	60.39592917
6.1437E-01	60.35331881
6.1466E-01	60.31075352
6.1494E-01	60.26823325
6.1523E-01	60.22575793
6.1552E-01	60.1833275
6.1580E-01	60.14094189
6.1609E-01	60.09860104
6.1638E-01	60.05630489
6.1667E-01	60.01405338
6.1695E-01	59.97184644
6.1724E-01	59.929684
6.1753E-01	59.88756602
6.1782E-01	59.84549242
6.1810E-01	59.80346314
6.1839E-01	59.76147812
6.1868E-01	59.7195373
6.1897E-01	59.67764061
6.1925E-01	59.635788
6.1954E-01	59.5939794
6.1983E-01	59.55221475
6.2011E-01	59.51049399
6.2040E-01	59.46881706
6.2069E-01	59.42718389
6.2098E-01	59.38559443
6.2126E-01	59.34404861
6.2155E-01	59.30254638
6.2184E-01	59.26108766
6.2213E-01	59.21967241
6.2241E-01	59.17830056
6.2270E-01	59.13697204
6.2299E-01	59.09568681
6.2328E-01	59.05444479
6.2356E-01	59.01324593
6.2385E-01	58.97209017
6.2414E-01	58.93097745
6.2443E-01	58.88990771
6.2471E-01	58.84888088
6.2500E-01	58.80789691
6.2529E-01	58.76695574
6.2557E-01	58.72605731
6.2586E-01	58.68520156
6.2615E-01	58.64438843
6.2644E-01	58.60361787
6.2672E-01	58.5628898
6.2701E-01	58.52220417
6.2730E-01	58.48156093
6.2759E-01	58.44096002
6.2787E-01	58.40040137
6.2816E-01	58.35988492
6.2845E-01	58.31941063
6.2874E-01	58.27897843
6.2902E-01	58.23858826
6.2931E-01	58.19824006
6.2960E-01	58.15793378
6.2989E-01	58.11766936
6.3017E-01	58.07744674
6.3046E-01	58.03726586
6.3075E-01	57.99712666
6.3103E-01	57.95702909
6.3132E-01	57.91697309
6.3161E-01	57.8769586
6.3190E-01	57.83698557
6.3218E-01	57.79705393
6.3247E-01	57.75716363
6.3276E-01	57.71731462
6.3305E-01	57.67750683
6.3333E-01	57.63774021
6.3362E-01	57.5980147
6.3391E-01	57.55833025
6.3420E-01	57.5186868
6.3448E-01	57.47908429
6.3477E-01	57.43952266
6.3506E-01	57.40000187
6.3534E-01	57.36052185
6.3563E-01	57.32108255
6.3592E-01	57.28168391
6.3621E-01	57.24232588
6.3649E-01	57.20300839
6.3678E-01	57.1637314
6.3707E-01	57.12449485
6.3736E-01	57.08529869
6.3764E-01	57.04614285
6.3793E-01	57.00702728
6.3822E-01	56.96795193
6.3851E-01	56.92891675
6.3879E-01	56.88992167
6.3908E-01	56.85096664
6.3937E-01	56.81205162
6.3966E-01	56.77317653
6.3994E-01	56.73434133
6.4023E-01	56.69554597
6.4052E-01	56.65679038
6.4080E-01	56.61807453
6.4109E-01	56.57939834
6.4138E-01	56.54076176
6.4167E-01	56.50216475
6.4195E-01	56.46360725
6.4224E-01	56.4250892
6.4253E-01	56.38661056
6.4282E-01	56.34817126
6.4310E-01	56.30977125
6.4339E-01	56.27141048
6.4368E-01	56.2330889
6.4397E-01	56.19480646
6.4425E-01	56.15656309
6.4454E-01	56.11835875
6.4483E-01	56.08019338
6.4511E-01	56.04206693
6.4540E-01	56.00397935
6.4569E-01	55.96593059
6.4598E-01	55.92792058
6.4626E-01	55.88994929
6.4655E-01	55.85201665
6.4684E-01	55.81412262
6.4713E-01	55.77626714
6.4741E-01	55.73845016
6.4770E-01	55.70067162
6.4799E-01	55.66293148
6.4828E-01	55.62522969
6.4856E-01	55.58756619
6.4885E-01	55.54994092
6.4914E-01	55.51235385
6.4943E-01	55.47480491
6.4971E-01	55.43729405
6.5000E-01	55.39982123
6.5029E-01	55.36238639
6.5057E-01	55.32498948
6.5086E-01	55.28763045
6.5115E-01	55.25030925
6.5144E-01	55.21302582
6.5172E-01	55.17578012
6.5201E-01	55.1385721
6.5230E-01	55.1014017
6.5259E-01	55.06426888
6.5287E-01	55.02717357
6.5316E-01	54.99011574
6.5345E-01	54.95309533
6.5374E-01	54.9161123
6.5402E-01	54.87916658
6.5431E-01	54.84225814
6.5460E-01	54.80538692
6.5489E-01	54.76855287
6.5517E-01	54.73175593
6.5546E-01	54.69499608
6.5575E-01	54.65827324
6.5603E-01	54.62158737
6.5632E-01	54.58493843
6.5661E-01	54.54832636
6.5690E-01	54.51175111
6.5718E-01	54.47521263
6.5747E-01	54.43871089
6.5776E-01	54.40224581
6.5805E-01	54.36581736
6.5833E-01	54.32942549
6.5862E-01	54.29307015
6.5891E-01	54.25675129
6.5920E-01	54.22046885
6.5948E-01	54.1842228
6.5977E-01	54.14801309
6.6006E-01	54.11183965
6.6034E-01	54.07570246
6.6063E-01	54.03960145
6.6092E-01	54.00353658
6.6121E-01	53.9675078
6.6149E-01	53.93151507
6.6178E-01	53.89555833
6.6207E-01	53.85963753
6.6236E-01	53.82375264
6.6264E-01	53.7879036
6.6293E-01	53.75209036
6.6322E-01	53.71631288
6.6351E-01	53.68057111
6.6379E-01	53.64486499
6.6408E-01	53.60919449
6.6437E-01	53.57355956
6.6466E-01	53.53796015
6.6494E-01	53.50239621
6.6523E-01	53.46686769
6.6552E-01	53.43137455
6.6580E-01	53.39591674
6.6609E-01	53.36049421
6.6638E-01	53.32510692
6.6667E-01	53.28975482
6.6695E-01	53.25443787
6.6724E-01	53.21915601
6.6753E-01	53.1839092
6.6782E-01	53.1486974
6.6810E-01	53.11352056
6.6839E-01	53.07837862
6.6868E-01	53.04327155
6.6897E-01	53.0081993
6.6925E-01	52.97316183
6.6954E-01	52.93815908
6.6983E-01	52.90319101
6.7011E-01	52.86825758
6.7040E-01	52.83335874
6.7069E-01	52.79849444
6.7098E-01	52.76366464
6.7126E-01	52.72886929
6.7155E-01	52.69410835
6.7184E-01	52.65938178
6.7213E-01	52.62468952
6.7241E-01	52.59003153
6.7270E-01	52.55540777
6.7299E-01	52.52081819
6.7328E-01	52.48626275
6.7356E-01	52.4517414
6.7385E-01	52.41725409
6.7414E-01	52.38280079
6.7443E-01	52.34838145
6.7471E-01	52.31399602
6.7500E-01	52.27964446
6.7529E-01	52.24532672
6.7557E-01	52.21104276
6.7586E-01	52.17679253
6.7615E-01	52.142576
6.7644E-01	52.10839311
6.7672E-01	52.07424383
6.7701E-01	52.04012811
6.7730E-01	52.0060459
6.7759E-01	51.97199716
6.7787E-01	51.93798184
6.7816E-01	51.90399992
6.7845E-01	51.87005133
6.7874E-01	51.83613603
6.7902E-01	51.80225399
6.7931E-01	51.76840516
6.7960E-01	51.73458949
6.7989E-01	51.70080695
6.8017E-01	51.66705748
6.8046E-01	51.63334105
6.8075E-01	51.59965762
6.8103E-01	51.56600713
6.8132E-01	51.53238955
6.8161E-01	51.49880484
6.8190E-01	51.46525294
6.8218E-01	51.43173382
6.8247E-01	51.39824744
6.8276E-01	51.36479376
6.8305E-01	51.33137272
6.8333E-01	51.29798429
6.8362E-01	51.26462842
6.8391E-01	51.23130508
6.8420E-01	51.19801422
6.8448E-01	51.1647558
6.8477E-01	51.13152978
6.8506E-01	51.09833611
6.8534E-01	51.06517475
6.8563E-01	51.03204567
6.8592E-01	50.99894881
6.8621E-01	50.96588414
6.8649E-01	50.93285161
6.8678E-01	50.89985119
6.8707E-01	50.86688283
6.8736E-01	50.8339465
6.8764E-01	50.80104214
6.8793E-01	50.76816971
6.8822E-01	50.73532919
6.8851E-01	50.70252052
6.8879E-01	50.66974366
6.8908E-01	50.63699858
6.8937E-01	50.60428523
6.8966E-01	50.57160357
6.8994E-01	50.53895355
6.9023E-01	50.50633515
6.9052E-01	50.47374832
6.9080E-01	50.44119301
6.9109E-01	50.40866919
6.9138E-01	50.37617682
6.9167E-01	50.34371585
6.9195E-01	50.31128625
6.9224E-01	50.27888797
6.9253E-01	50.24652098
6.9282E-01	50.21418523
6.9310E-01	50.18188069
6.9339E-01	50.14960731
6.9368E-01	50.11736505
6.9397E-01	50.08515388
6.9425E-01	50.05297375
6.9454E-01	50.02082462
6.9483E-01	49.98870646
6.9511E-01	49.95661923
6.9540E-01	49.92456287
6.9569E-01	49.89253737
6.9598E-01	49.86054267
6.9626E-01	49.82857873
6.9655E-01	49.79664552
6.9684E-01	49.764743
6.9713E-01	49.73287113
6.9741E-01	49.70102987
6.9770E-01	49.66921917
6.9799E-01	49.63743901
6.9828E-01	49.60568934
6.9856E-01	49.57397012
6.9885E-01	49.54228131
6.9914E-01	49.51062288
6.9943E-01	49.47899478
6.9971E-01	49.44739698
7.0000E-01	49.41582944
7.0029E-01	49.38429212
7.0057E-01	49.35278498
7.0086E-01	49.32130799
7.0115E-01	49.28986109
7.0144E-01	49.25844427
7.0172E-01	49.22705747
7.0201E-01	49.19570066
7.0230E-01	49.1643738
7.0259E-01	49.13307685
7.0287E-01	49.10180978
7.0316E-01	49.07057255
7.0345E-01	49.03936511
7.0374E-01	49.00818744
7.0402E-01	48.97703949
7.0431E-01	48.94592122
7.0460E-01	48.9148326
7.0489E-01	48.88377359
7.0517E-01	48.85274416
7.0546E-01	48.82174426
7.0575E-01	48.79077386
7.0603E-01	48.75983291
7.0632E-01	48.72892139
7.0661E-01	48.69803926
7.0690E-01	48.66718647
7.0718E-01	48.636363
7.0747E-01	48.6055688
7.0776E-01	48.57480383
7.0805E-01	48.54406807
7.0833E-01	48.51336146
7.0862E-01	48.48268399
7.0891E-01	48.4520356
7.0920E-01	48.42141627
7.0948E-01	48.39082595
7.0977E-01	48.36026461
7.1006E-01	48.32973221
7.1034E-01	48.29922872
7.1063E-01	48.2687541
7.1092E-01	48.23830831
7.1121E-01	48.20789132
7.1149E-01	48.17750309
7.1178E-01	48.14714358
7.1207E-01	48.11681276
7.1236E-01	48.0865106
7.1264E-01	48.05623704
7.1293E-01	48.02599207
7.1322E-01	47.99577564
7.1351E-01	47.96558772
7.1379E-01	47.93542828
7.1408E-01	47.90529726
7.1437E-01	47.87519465
7.1466E-01	47.8451204
7.1494E-01	47.81507449
7.1523E-01	47.78505686
7.1552E-01	47.7550675
7.1580E-01	47.72510635
7.1609E-01	47.6951734
7.1638E-01	47.66526859
7.1667E-01	47.63539191
7.1695E-01	47.6055433
7.1724E-01	47.57572274
7.1753E-01	47.54593019
7.1782E-01	47.51616562
7.1810E-01	47.48642899
7.1839E-01	47.45672026
7.1868E-01	47.4270394
7.1897E-01	47.39738639
7.1925E-01	47.36776117
7.1954E-01	47.33816372
7.1983E-01	47.308594
7.2011E-01	47.27905198
7.2040E-01	47.24953762
7.2069E-01	47.22005089
7.2098E-01	47.19059175
7.2126E-01	47.16116018
7.2155E-01	47.13175612
7.2184E-01	47.10237956
7.2213E-01	47.07303046
7.2241E-01	47.04370877
7.2270E-01	47.01441448
7.2299E-01	46.98514754
7.2328E-01	46.95590792
7.2356E-01	46.92669558
7.2385E-01	46.8975105
7.2414E-01	46.86835264
7.2443E-01	46.83922196
7.2471E-01	46.81011843
7.2500E-01	46.78104201
7.2529E-01	46.75199268
7.2557E-01	46.7229704
7.2586E-01	46.69397514
7.2615E-01	46.66500686
7.2644E-01	46.63606552
7.2672E-01	46.60715111
7.2701E-01	46.57826357
7.2730E-01	46.54940288
7.2759E-01	46.52056901
7.2787E-01	46.49176192
7.2816E-01	46.46298158
7.2845E-01	46.43422796
7.2874E-01	46.40550102
7.2902E-01	46.37680073
7.2931E-01	46.34812705
7.2960E-01	46.31947997
7.2989E-01	46.29085943
7.3017E-01	46.26226541
7.3046E-01	46.23369787
7.3075E-01	46.20515679
7.3103E-01	46.17664213
7.3132E-01	46.14815386
7.3161E-01	46.11969194
7.3190E-01	46.09125635
7.3218E-01	46.06284704
7.3247E-01	46.034464
7.3276E-01	46.00610718
7.3305E-01	45.97777655
7.3333E-01	45.94947208
7.3362E-01	45.92119374
7.3391E-01	45.8929415
7.3420E-01	45.86471533
7.3448E-01	45.83651518
7.3477E-01	45.80834104
7.3506E-01	45.78019286
7.3534E-01	45.75207063
7.3563E-01	45.72397429
7.3592E-01	45.69590383
7.3621E-01	45.66785921
7.3649E-01	45.6398404
7.3678E-01	45.61184737
7.3707E-01	45.58388009
7.3736E-01	45.55593851
7.3764E-01	45.52802263
7.3793E-01	45.50013239
7.3822E-01	45.47226777
7.3851E-01	45.44442875
7.3879E-01	45.41661528
7.3908E-01	45.38882733
7.3937E-01	45.36106489
7.3966E-01	45.3333279
7.3994E-01	45.30561635
7.4023E-01	45.2779302
7.4052E-01	45.25026942
7.4080E-01	45.22263398
7.4109E-01	45.19502385
7.4138E-01	45.167439
7.4167E-01	45.13987939
7.4195E-01	45.112345
7.4224E-01	45.0848358
7.4253E-01	45.05735175
7.4282E-01	45.02989283
7.4310E-01	45.00245899
7.4339E-01	44.97505022
7.4368E-01	44.94766649
7.4397E-01	44.92030775
7.4425E-01	44.89297399
7.4454E-01	44.86566517
7.4483E-01	44.83838126
7.4511E-01	44.81112222
7.4540E-01	44.78388804
7.4569E-01	44.75667868
7.4598E-01	44.72949411
7.4626E-01	44.7023343
7.4655E-01	44.67519922
7.4684E-01	44.64808884
7.4713E-01	44.62100313
7.4741E-01	44.59394205
7.4770E-01	44.56690559
7.4799E-01	44.53989371
7.4828E-01	44.51290638
7.4856E-01	44.48594357
7.4885E-01	44.45900524
7.4914E-01	44.43209139
7.4943E-01	44.40520196
7.4971E-01	44.37833693
7.5000E-01	44.35149628
7.5029E-01	44.32467997
7.5057E-01	44.29788797
7.5086E-01	44.27112026
7.5115E-01	44.2443768
7.5144E-01	44.21765757
7.5172E-01	44.19096254
7.5201E-01	44.16429167
7.5230E-01	44.13764494
7.5259E-01	44.11102232
7.5287E-01	44.08442377
7.5316E-01	44.05784928
7.5345E-01	44.03129881
7.5374E-01	44.00477234
7.5402E-01	43.97826983
7.5431E-01	43.95179125
7.5460E-01	43.92533658
7.5489E-01	43.89890578
7.5517E-01	43.87249884
7.5546E-01	43.84611572
7.5575E-01	43.81975638
7.5603E-01	43.79342081
7.5632E-01	43.76710898
7.5661E-01	43.74082085
7.5690E-01	43.71455639
7.5718E-01	43.68831559
7.5747E-01	43.66209841
7.5776E-01	43.63590481
7.5805E-01	43.60973479
7.5833E-01	43.58358829
7.5862E-01	43.55746531
7.5891E-01	43.5313658
7.5920E-01	43.50528975
7.5948E-01	43.47923712
7.5977E-01	43.45320788
7.6006E-01	43.42720201
7.6034E-01	43.40121948
7.6063E-01	43.37526026
7.6092E-01	43.34932433
7.6121E-01	43.32341165
7.6149E-01	43.29752219
7.6178E-01	43.27165594
7.6207E-01	43.24581286
7.6236E-01	43.21999292
7.6264E-01	43.1941961
7.6293E-01	43.16842237
7.6322E-01	43.1426717
7.6351E-01	43.11694407
7.6379E-01	43.09123944
7.6408E-01	43.06555779
7.6437E-01	43.0398991
7.6466E-01	43.01426332
7.6494E-01	42.98865045
7.6523E-01	42.96306044
7.6552E-01	42.93749328
7.6580E-01	42.91194893
7.6609E-01	42.88642738
7.6638E-01	42.86092858
7.6667E-01	42.83545252
7.6695E-01	42.80999916
7.6724E-01	42.78456849
7.6753E-01	42.75916047
7.6782E-01	42.73377507
7.6810E-01	42.70841227
7.6839E-01	42.68307205
7.6868E-01	42.65775438
7.6897E-01	42.63245922
7.6925E-01	42.60718655
7.6954E-01	42.58193635
7.6983E-01	42.55670859
7.7011E-01	42.53150325
7.7040E-01	42.50632029
7.7069E-01	42.48115969
7.7098E-01	42.45602142
7.7126E-01	42.43090546
7.7155E-01	42.40581178
7.7184E-01	42.38074035
7.7213E-01	42.35569115
7.7241E-01	42.33066415
7.7270E-01	42.30565933
7.7299E-01	42.28067666
7.7328E-01	42.25571611
7.7356E-01	42.23077766
7.7385E-01	42.20586127
7.7414E-01	42.18096694
7.7443E-01	42.15609462
7.7471E-01	42.13124429
7.7500E-01	42.10641593
7.7529E-01	42.08160951
7.7557E-01	42.05682501
7.7586E-01	42.03206239
7.7615E-01	42.00732164
7.7644E-01	41.98260273
7.7672E-01	41.95790563
7.7701E-01	41.93323031
7.7730E-01	41.90857676
7.7759E-01	41.88394494
7.7787E-01	41.85933483
7.7816E-01	41.83474641
7.7845E-01	41.81017964
7.7874E-01	41.78563451
7.7902E-01	41.76111099
7.7931E-01	41.73660904
7.7960E-01	41.71212866
7.7989E-01	41.68766981
7.8017E-01	41.66323246
7.8046E-01	41.6388166
7.8075E-01	41.61442219
7.8103E-01	41.59004921
7.8132E-01	41.56569764
7.8161E-01	41.54136745
7.8190E-01	41.51705861
7.8218E-01	41.49277111
7.8247E-01	41.46850491
7.8276E-01	41.44426
7.8305E-01	41.42003634
7.8333E-01	41.39583391
7.8362E-01	41.37165269
7.8391E-01	41.34749265
7.8420E-01	41.32335377
7.8448E-01	41.29923602
7.8477E-01	41.27513938
7.8506E-01	41.25106382
7.8534E-01	41.22700932
7.8563E-01	41.20297585
7.8592E-01	41.17896339
7.8621E-01	41.15497192
7.8649E-01	41.13100141
7.8678E-01	41.10705183
7.8707E-01	41.08312317
7.8736E-01	41.05921539
7.8764E-01	41.03532848
7.8793E-01	41.01146241
7.8822E-01	40.98761715
7.8851E-01	40.96379268
7.8879E-01	40.93998898
7.8908E-01	40.91620602
7.8937E-01	40.89244377
7.8966E-01	40.86870223
7.8994E-01	40.84498135
7.9023E-01	40.82128111
7.9052E-01	40.7976015
7.9080E-01	40.77394249
7.9109E-01	40.75030405
7.9138E-01	40.72668617
7.9167E-01	40.70308881
7.9195E-01	40.67951195
7.9224E-01	40.65595557
7.9253E-01	40.63241964
7.9282E-01	40.60890415
7.9310E-01	40.58540907
7.9339E-01	40.56193437
7.9368E-01	40.53848003
7.9397E-01	40.51504603
7.9425E-01	40.49163234
7.9454E-01	40.46823894
7.9483E-01	40.44486581
7.9511E-01	40.42151293
7.9540E-01	40.39818026
7.9569E-01	40.37486779
7.9598E-01	40.35157549
7.9626E-01	40.32830335
7.9655E-01	40.30505133
7.9684E-01	40.28181941
7.9713E-01	40.25860758
7.9741E-01	40.2354158
7.9770E-01	40.21224405
7.9799E-01	40.18909232
7.9828E-01	40.16596058
7.9856E-01	40.1428488
7.9885E-01	40.11975696
7.9914E-01	40.09668505
7.9943E-01	40.07363303
7.9971E-01	40.05060088
8.0000E-01	40.02758858
8.0029E-01	40.00459612
8.0057E-01	39.98162345
8.0086E-01	39.95867057
8.0115E-01	39.93573745
8.0144E-01	39.91282407
8.0172E-01	39.8899304
8.0201E-01	39.86705642
8.0230E-01	39.84420211
8.0259E-01	39.82136745
8.0287E-01	39.79855241
8.0316E-01	39.77575698
8.0345E-01	39.75298112
8.0374E-01	39.73022482
8.0402E-01	39.70748806
8.0431E-01	39.6847708
8.0460E-01	39.66207304
8.0489E-01	39.63939474
8.0517E-01	39.61673589
8.0546E-01	39.59409646
8.0575E-01	39.57147644
8.0603E-01	39.54887579
8.0632E-01	39.5262945
8.0661E-01	39.50373254
8.0690E-01	39.48118989
8.0718E-01	39.45866654
8.0747E-01	39.43616245
8.0776E-01	39.41367761
8.0805E-01	39.39121199
8.0833E-01	39.36876558
8.0862E-01	39.34633835
8.0891E-01	39.32393027
8.0920E-01	39.30154134
8.0948E-01	39.27917151
8.0977E-01	39.25682078
8.1006E-01	39.23448913
8.1034E-01	39.21217652
8.1063E-01	39.18988294
8.1092E-01	39.16760837
8.1121E-01	39.14535278
8.1149E-01	39.12311616
8.1178E-01	39.10089848
8.1207E-01	39.07869972
8.1236E-01	39.05651985
8.1264E-01	39.03435887
8.1293E-01	39.01221674
8.1322E-01	38.99009345
8.1351E-01	38.96798897
8.1379E-01	38.94590328
8.1408E-01	38.92383636
8.1437E-01	38.90178819
8.1466E-01	38.87975875
8.1494E-01	38.85774802
8.1523E-01	38.83575598
8.1552E-01	38.81378259
8.1580E-01	38.79182786
8.1609E-01	38.76989174
8.1638E-01	38.74797423
8.1667E-01	38.72607529
8.1695E-01	38.70419492
8.1724E-01	38.68233308
8.1753E-01	38.66048976
8.1782E-01	38.63866494
8.1810E-01	38.6168586
8.1839E-01	38.5950707
8.1868E-01	38.57330125
8.1897E-01	38.5515502
8.1925E-01	38.52981755
8.1954E-01	38.50810327
8.1983E-01	38.48640735
8.2011E-01	38.46472975
8.2040E-01	38.44307046
8.2069E-01	38.42142946
8.2098E-01	38.39980673
8.2126E-01	38.37820225
8.2155E-01	38.356616
8.2184E-01	38.33504795
8.2213E-01	38.31349809
8.2241E-01	38.29196639
8.2270E-01	38.27045285
8.2299E-01	38.24895742
8.2328E-01	38.2274801
8.2356E-01	38.20602087
8.2385E-01	38.1845797
8.2414E-01	38.16315657
8.2443E-01	38.14175147
8.2471E-01	38.12036437
8.2500E-01	38.09899526
8.2529E-01	38.07764411
8.2557E-01	38.0563109
8.2586E-01	38.03499562
8.2615E-01	38.01369823
8.2644E-01	37.99241873
8.2672E-01	37.9711571
8.2701E-01	37.9499133
8.2730E-01	37.92868733
8.2759E-01	37.90747917
8.2787E-01	37.88628878
8.2816E-01	37.86511616
8.2845E-01	37.84396128
8.2874E-01	37.82282413
8.2902E-01	37.80170468
8.2931E-01	37.78060291
8.2960E-01	37.75951881
8.2989E-01	37.73845235
8.3017E-01	37.71740352
8.3046E-01	37.69637229
8.3075E-01	37.67535865
8.3103E-01	37.65436258
8.3132E-01	37.63338405
8.3161E-01	37.61242305
8.3190E-01	37.59147955
8.3218E-01	37.57055354
8.3247E-01	37.54964501
8.3276E-01	37.52875392
8.3305E-01	37.50788026
8.3333E-01	37.48702401
8.3362E-01	37.46618515
8.3391E-01	37.44536366
8.3420E-01	37.42455952
8.3448E-01	37.40377272
8.3477E-01	37.38300323
8.3506E-01	37.36225104
8.3534E-01	37.34151612
8.3563E-01	37.32079846
8.3592E-01	37.30009803
8.3621E-01	37.27941482
8.3649E-01	37.25874882
8.3678E-01	37.23809999
8.3707E-01	37.21746832
8.3736E-01	37.19685379
8.3764E-01	37.17625638
8.3793E-01	37.15567608
8.3822E-01	37.13511287
8.3851E-01	37.11456672
8.3879E-01	37.09403761
8.3908E-01	37.07352554
8.3937E-01	37.05303047
8.3966E-01	37.0325524
8.3994E-01	37.01209129
8.4023E-01	36.99164714
8.4052E-01	36.97121993
8.4080E-01	36.95080962
8.4109E-01	36.93041622
8.4138E-01	36.91003969
8.4167E-01	36.88968003
8.4195E-01	36.8693372
8.4224E-01	36.8490112
8.4253E-01	36.828702
8.4282E-01	36.80840959
8.4310E-01	36.78813394
8.4339E-01	36.76787504
8.4368E-01	36.74763288
8.4397E-01	36.72740742
8.4425E-01	36.70719865
8.4454E-01	36.68700657
8.4483E-01	36.66683113
8.4511E-01	36.64667234
8.4540E-01	36.62653017
8.4569E-01	36.60640459
8.4598E-01	36.5862956
8.4626E-01	36.56620318
8.4655E-01	36.5461273
8.4684E-01	36.52606795
8.4713E-01	36.50602512
8.4741E-01	36.48599877
8.4770E-01	36.4659889
8.4799E-01	36.44599549
8.4828E-01	36.42601851
8.4856E-01	36.40605796
8.4885E-01	36.3861138
8.4914E-01	36.36618603
8.4943E-01	36.34627463
8.4971E-01	36.32637958
8.5000E-01	36.30650085
8.5029E-01	36.28663844
8.5057E-01	36.26679233
8.5086E-01	36.24696249
8.5115E-01	36.22714891
8.5144E-01	36.20735157
8.5172E-01	36.18757046
8.5201E-01	36.16780555
8.5230E-01	36.14805683
8.5259E-01	36.12832428
8.5287E-01	36.10860789
8.5316E-01	36.08890763
8.5345E-01	36.06922348
8.5374E-01	36.04955544
8.5402E-01	36.02990348
8.5431E-01	36.01026759
8.5460E-01	35.99064774
8.5489E-01	35.97104392
8.5517E-01	35.95145612
8.5546E-01	35.93188431
8.5575E-01	35.91232848
8.5603E-01	35.89278861
8.5632E-01	35.87326468
8.5661E-01	35.85375668
8.5690E-01	35.83426459
8.5718E-01	35.81478839
8.5747E-01	35.79532806
8.5776E-01	35.77588359
8.5805E-01	35.75645495
8.5833E-01	35.73704214
8.5862E-01	35.71764514
8.5891E-01	35.69826392
8.5920E-01	35.67889848
8.5948E-01	35.65954878
8.5977E-01	35.64021483
8.6006E-01	35.62089659
8.6034E-01	35.60159406
8.6063E-01	35.58230721
8.6092E-01	35.56303603
8.6121E-01	35.5437805
8.6149E-01	35.52454061
8.6178E-01	35.50531633
8.6207E-01	35.48610766
8.6236E-01	35.46691457
8.6264E-01	35.44773704
8.6293E-01	35.42857507
8.6322E-01	35.40942863
8.6351E-01	35.3902977
8.6379E-01	35.37118228
8.6408E-01	35.35208233
8.6437E-01	35.33299786
8.6466E-01	35.31392883
8.6494E-01	35.29487524
8.6523E-01	35.27583707
8.6552E-01	35.25681429
8.6580E-01	35.2378069
8.6609E-01	35.21881487
8.6638E-01	35.19983819
8.6667E-01	35.18087685
8.6695E-01	35.16193082
8.6724E-01	35.1430001
8.6753E-01	35.12408466
8.6782E-01	35.10518448
8.6810E-01	35.08629956
8.6839E-01	35.06742987
8.6868E-01	35.0485754
8.6897E-01	35.02973613
8.6925E-01	35.01091205
8.6954E-01	34.99210313
8.6983E-01	34.97330937
8.7011E-01	34.95453075
8.7040E-01	34.93576725
8.7069E-01	34.91701885
8.7098E-01	34.89828554
8.7126E-01	34.8795673
8.7155E-01	34.86086412
8.7184E-01	34.84217597
8.7213E-01	34.82350285
8.7241E-01	34.80484474
8.7270E-01	34.78620162
8.7299E-01	34.76757347
8.7328E-01	34.74896028
8.7356E-01	34.73036204
8.7385E-01	34.71177872
8.7414E-01	34.69321031
8.7443E-01	34.6746568
8.7471E-01	34.65611817
8.7500E-01	34.6375944
8.7529E-01	34.61908548
8.7557E-01	34.6005914
8.7586E-01	34.58211212
8.7615E-01	34.56364765
8.7644E-01	34.54519796
8.7672E-01	34.52676304
8.7701E-01	34.50834287
8.7730E-01	34.48993744
8.7759E-01	34.47154673
8.7787E-01	34.45317073
8.7816E-01	34.43480941
8.7845E-01	34.41646277
8.7874E-01	34.39813079
8.7902E-01	34.37981345
8.7931E-01	34.36151074
8.7960E-01	34.34322264
8.7989E-01	34.32494914
8.8017E-01	34.30669022
8.8046E-01	34.28844586
8.8075E-01	34.27021605
8.8103E-01	34.25200078
8.8132E-01	34.23380002
8.8161E-01	34.21561377
8.8190E-01	34.19744201
8.8218E-01	34.17928472
8.8247E-01	34.16114188
8.8276E-01	34.14301349
8.8305E-01	34.12489953
8.8333E-01	34.10679997
8.8362E-01	34.08871482
8.8391E-01	34.07064404
8.8420E-01	34.05258763
8.8448E-01	34.03454557
8.8477E-01	34.01651784
8.8506E-01	33.99850443
8.8534E-01	33.98050533
8.8563E-01	33.96252052
8.8592E-01	33.94454998
8.8621E-01	33.9265937
8.8649E-01	33.90865167
8.8678E-01	33.89072386
8.8707E-01	33.87281027
8.8736E-01	33.85491088
8.8764E-01	33.83702567
8.8793E-01	33.81915463
8.8822E-01	33.80129775
8.8851E-01	33.783455
8.8879E-01	33.76562638
8.8908E-01	33.74781187
8.8937E-01	33.73001145
8.8966E-01	33.71222511
8.8994E-01	33.69445284
8.9023E-01	33.67669462
8.9052E-01	33.65895043
8.9080E-01	33.64122026
8.9109E-01	33.6235041
8.9138E-01	33.60580193
8.9167E-01	33.58811373
8.9195E-01	33.5704395
8.9224E-01	33.55277921
8.9253E-01	33.53513286
8.9282E-01	33.51750042
8.9310E-01	33.49988189
8.9339E-01	33.48227724
8.9368E-01	33.46468647
8.9397E-01	33.44710955
8.9425E-01	33.42954649
8.9454E-01	33.41199725
8.9483E-01	33.39446182
8.9511E-01	33.3769402
8.9540E-01	33.35943236
8.9569E-01	33.3419383
8.9598E-01	33.32445799
8.9626E-01	33.30699143
8.9655E-01	33.28953859
8.9684E-01	33.27209947
8.9713E-01	33.25467405
8.9741E-01	33.23726231
8.9770E-01	33.21986425
8.9799E-01	33.20247984
8.9828E-01	33.18510908
8.9856E-01	33.16775194
8.9885E-01	33.15040842
8.9914E-01	33.1330785
8.9943E-01	33.11576216
8.9971E-01	33.0984594
9.0000E-01	33.08117019
9.0029E-01	33.06389453
9.0057E-01	33.04663239
9.0086E-01	33.02938377
9.0115E-01	33.01214865
9.0144E-01	32.99492702
9.0172E-01	32.97771886
9.0201E-01	32.96052416
9.0230E-01	32.9433429
9.0259E-01	32.92617507
9.0287E-01	32.90902066
9.0316E-01	32.89187965
9.0345E-01	32.87475204
9.0374E-01	32.85763779
9.0402E-01	32.84053691
9.0431E-01	32.82344937
9.0460E-01	32.80637517
9.0489E-01	32.78931428
9.0517E-01	32.7722667
9.0546E-01	32.75523242
9.0575E-01	32.73821141
9.0603E-01	32.72120366
9.0632E-01	32.70420916
9.0661E-01	32.6872279
9.0690E-01	32.67025987
9.0718E-01	32.65330504
9.0747E-01	32.6363634
9.0776E-01	32.61943495
9.0805E-01	32.60251967
9.0833E-01	32.58561754
9.0862E-01	32.56872855
9.0891E-01	32.55185268
9.0920E-01	32.53498993
9.0948E-01	32.51814028
9.0977E-01	32.50130372
9.1006E-01	32.48448023
9.1034E-01	32.4676698
9.1063E-01	32.45087241
9.1092E-01	32.43408806
9.1121E-01	32.41731672
9.1149E-01	32.40055839
9.1178E-01	32.38381305
9.1207E-01	32.36708069
9.1236E-01	32.35036129
9.1264E-01	32.33365484
9.1293E-01	32.31696134
9.1322E-01	32.30028075
9.1351E-01	32.28361308
9.1379E-01	32.26695831
9.1408E-01	32.25031642
9.1437E-01	32.2336874
9.1466E-01	32.21707124
9.1494E-01	32.20046793
9.1523E-01	32.18387745
9.1552E-01	32.16729978
9.1580E-01	32.15073493
9.1609E-01	32.13418286
9.1638E-01	32.11764357
9.1667E-01	32.10111705
9.1695E-01	32.08460328
9.1724E-01	32.06810225
9.1753E-01	32.05161395
9.1782E-01	32.03513836
9.1810E-01	32.01867547
9.1839E-01	32.00222526
9.1868E-01	31.98578773
9.1897E-01	31.96936287
9.1925E-01	31.95295065
9.1954E-01	31.93655106
9.1983E-01	31.9201641
9.2011E-01	31.90378975
9.2040E-01	31.88742799
9.2069E-01	31.87107882
9.2098E-01	31.85474221
9.2126E-01	31.83841817
9.2155E-01	31.82210667
9.2184E-01	31.8058077
9.2213E-01	31.78952125
9.2241E-01	31.77324731
9.2270E-01	31.75698586
9.2299E-01	31.74073689
9.2328E-01	31.72450039
9.2356E-01	31.70827634
9.2385E-01	31.69206474
9.2414E-01	31.67586556
9.2443E-01	31.65967881
9.2471E-01	31.64350445
9.2500E-01	31.62734249
9.2529E-01	31.61119291
9.2557E-01	31.59505569
9.2586E-01	31.57893083
9.2615E-01	31.56281831
9.2644E-01	31.54671812
9.2672E-01	31.53063024
9.2701E-01	31.51455467
9.2730E-01	31.49849138
9.2759E-01	31.48244038
9.2787E-01	31.46640164
9.2816E-01	31.45037516
9.2845E-01	31.43436091
9.2874E-01	31.4183589
9.2902E-01	31.4023691
9.2931E-01	31.3863915
9.2960E-01	31.37042609
9.2989E-01	31.35447287
9.3017E-01	31.33853181
9.3046E-01	31.3226029
9.3075E-01	31.30668613
9.3103E-01	31.2907815
9.3132E-01	31.27488898
9.3161E-01	31.25900856
9.3190E-01	31.24314024
9.3218E-01	31.227284
9.3247E-01	31.21143982
9.3276E-01	31.19560771
9.3305E-01	31.17978763
9.3333E-01	31.16397959
9.3362E-01	31.14818356
9.3391E-01	31.13239954
9.3420E-01	31.11662752
9.3448E-01	31.10086747
9.3477E-01	31.0851194
9.3506E-01	31.06938329
9.3534E-01	31.05365912
9.3563E-01	31.03794689
9.3592E-01	31.02224658
9.3621E-01	31.00655817
9.3649E-01	30.99088167
9.3678E-01	30.97521705
9.3707E-01	30.95956431
9.3736E-01	30.94392342
9.3764E-01	30.92829439
9.3793E-01	30.91267719
9.3822E-01	30.89707183
9.3851E-01	30.88147827
9.3879E-01	30.86589652
9.3908E-01	30.85032655
9.3937E-01	30.83476837
9.3966E-01	30.81922195
9.3994E-01	30.80368728
9.4023E-01	30.78816436
9.4052E-01	30.77265317
9.4080E-01	30.7571537
9.4109E-01	30.74166593
9.4138E-01	30.72618986
9.4167E-01	30.71072547
9.4195E-01	30.69527276
9.4224E-01	30.67983171
9.4253E-01	30.6644023
9.4282E-01	30.64898453
9.4310E-01	30.63357839
9.4339E-01	30.61818385
9.4368E-01	30.60280092
9.4397E-01	30.58742958
9.4425E-01	30.57206982
9.4454E-01	30.55672163
9.4483E-01	30.54138499
9.4511E-01	30.52605989
9.4540E-01	30.51074633
9.4569E-01	30.49544428
9.4598E-01	30.48015375
9.4626E-01	30.46487471
9.4655E-01	30.44960716
9.4684E-01	30.43435108
9.4713E-01	30.41910646
9.4741E-01	30.4038733
9.4770E-01	30.38865157
9.4799E-01	30.37344128
9.4828E-01	30.3582424
9.4856E-01	30.34305492
9.4885E-01	30.32787884
9.4914E-01	30.31271415
9.4943E-01	30.29756082
9.4971E-01	30.28241885
9.5000E-01	30.26728824
9.5029E-01	30.25216896
9.5057E-01	30.237061
9.5086E-01	30.22196436
9.5115E-01	30.20687902
9.5144E-01	30.19180498
9.5172E-01	30.17674222
9.5201E-01	30.16169072
9.5230E-01	30.14665048
9.5259E-01	30.13162149
9.5287E-01	30.11660374
9.5316E-01	30.10159721
9.5345E-01	30.0866019
9.5374E-01	30.07161778
9.5402E-01	30.05664486
9.5431E-01	30.04168312
9.5460E-01	30.02673254
9.5489E-01	30.01179313
9.5517E-01	29.99686486
9.5546E-01	29.98194772
9.5575E-01	29.96704172
9.5603E-01	29.95214682
9.5632E-01	29.93726303
9.5661E-01	29.92239032
9.5690E-01	29.9075287
9.5718E-01	29.89267815
9.5747E-01	29.87783865
9.5776E-01	29.86301021
9.5805E-01	29.8481928
9.5833E-01	29.83338641
9.5862E-01	29.81859104
9.5891E-01	29.80380667
9.5920E-01	29.7890333
9.5948E-01	29.7742709
9.5977E-01	29.75951948
9.6006E-01	29.74477902
9.6034E-01	29.73004951
9.6063E-01	29.71533093
9.6092E-01	29.70062329
9.6121E-01	29.68592655
9.6149E-01	29.67124073
9.6178E-01	29.6565658
9.6207E-01	29.64190176
9.6236E-01	29.62724858
9.6264E-01	29.61260627
9.6293E-01	29.59797482
9.6322E-01	29.5833542
9.6351E-01	29.56874442
9.6379E-01	29.55414545
9.6408E-01	29.5395573
9.6437E-01	29.52497994
9.6466E-01	29.51041337
9.6494E-01	29.49585758
9.6523E-01	29.48131255
9.6552E-01	29.46677828
9.6580E-01	29.45225476
9.6609E-01	29.43774197
9.6638E-01	29.4232399
9.6667E-01	29.40874855
9.6695E-01	29.3942679
9.6724E-01	29.37979795
9.6753E-01	29.36533868
9.6782E-01	29.35089007
9.6810E-01	29.33645213
9.6839E-01	29.32202484
9.6868E-01	29.30760819
9.6897E-01	29.29320217
9.6925E-01	29.27880677
9.6954E-01	29.26442198
9.6983E-01	29.25004779
9.7011E-01	29.23568418
9.7040E-01	29.22133115
9.7069E-01	29.20698869
9.7098E-01	29.19265679
9.7126E-01	29.17833543
9.7155E-01	29.1640246
9.7184E-01	29.14972431
9.7213E-01	29.13543453
9.7241E-01	29.12115525
9.7270E-01	29.10688647
9.7299E-01	29.09262818
9.7328E-01	29.07838035
9.7356E-01	29.064143
9.7385E-01	29.04991609
9.7414E-01	29.03569963
9.7443E-01	29.0214936
9.7471E-01	29.007298
9.7500E-01	28.99311281
9.7529E-01	28.97893802
9.7557E-01	28.96477362
9.7586E-01	28.95061961
9.7615E-01	28.93647597
9.7644E-01	28.92234269
9.7672E-01	28.90821976
9.7701E-01	28.89410718
9.7730E-01	28.88000492
9.7759E-01	28.86591299
9.7787E-01	28.85183137
9.7816E-01	28.83776005
9.7845E-01	28.82369903
9.7874E-01	28.80964828
9.7902E-01	28.79560781
9.7931E-01	28.7815776
9.7960E-01	28.76755764
9.7989E-01	28.75354792
9.8017E-01	28.73954843
9.8046E-01	28.72555916
9.8075E-01	28.71158011
9.8103E-01	28.69761126
9.8132E-01	28.6836526
9.8161E-01	28.66970412
9.8190E-01	28.65576581
9.8218E-01	28.64183766
9.8247E-01	28.62791967
9.8276E-01	28.61401182
9.8305E-01	28.6001141
9.8333E-01	28.58622651
9.8362E-01	28.57234903
9.8391E-01	28.55848165
9.8420E-01	28.54462436
9.8448E-01	28.53077716
9.8477E-01	28.51694003
9.8506E-01	28.50311296
9.8534E-01	28.48929595
9.8563E-01	28.47548898
9.8592E-01	28.46169205
9.8621E-01	28.44790515
9.8649E-01	28.43412825
9.8678E-01	28.42036137
9.8707E-01	28.40660448
9.8736E-01	28.39285757
9.8764E-01	28.37912064
9.8793E-01	28.36539368
9.8822E-01	28.35167668
9.8851E-01	28.33796962
9.8879E-01	28.3242725
9.8908E-01	28.31058531
9.8937E-01	28.29690804
9.8966E-01	28.28324068
9.8994E-01	28.26958321
9.9023E-01	28.25593564
9.9052E-01	28.24229795
9.9080E-01	28.22867013
9.9109E-01	28.21505217
9.9138E-01	28.20144406
9.9167E-01	28.18784579
9.9195E-01	28.17425736
9.9224E-01	28.16067875
9.9253E-01	28.14710995
9.9282E-01	28.13355096
9.9310E-01	28.12000177
9.9339E-01	28.10646236
9.9368E-01	28.09293272
9.9397E-01	28.07941285
9.9425E-01	28.06590274
9.9454E-01	28.05240238
9.9483E-01	28.03891176
9.9511E-01	28.02543086
9.9540E-01	28.01195969
9.9569E-01	27.99849823
9.9598E-01	27.98504647
9.9626E-01	27.9716044
9.9655E-01	27.95817201
9.9684E-01	27.94474929
9.9713E-01	27.93133624
9.9741E-01	27.91793285
9.9770E-01	27.9045391
9.9799E-01	27.89115498
9.9828E-01	27.8777805
9.9856E-01	27.86441563
9.9885E-01	27.85106037
9.9914E-01	27.83771471
9.9943E-01	27.82437864
9.9971E-01	27.81105215
1.0000E+00	27.79773523