1.00E+08
10
145
1.0
1.0
1.0
1.0
1.0
1.0
1.0
1.0
1.0
1.0
1.0
1.0
1.0
1.0
1.0
1.0
1.0
1.0
1.0
1.0
2.0
2.0
2.0
2.0
2.0
2.0
2.0
2.0
2.0
2.0
4.0
4.0
4.0
4.0
4.0
4.0
4.0
4.0
4.0
4.0
8.0
8.0
8.0
8.0
8.0
8.0
8.0
8.0
8.0
8.0
16.0
16.0
16.0
16.0
16.0
16.0
16.0
16.0
16.0
16.0
32.0
32.0
32.0
32.0
32.0
32.0
32.0
32.0
32.0
32.0
64.0
64.0
64.0
64.0
64.0
64.0
64.0
64.0
64.0
64.0
128.0
128.0
128.0
128.0
128.0
128.0
128.0
128.0
128.0
128.0
256.0
256.0
256.0
256.0
256.0
256.0
256.0
256.0
256.0
256.0
512.0
512.0
512.0
512.0
512.0
512.0
512.0
512.0
512.0
512.0
1024.0
1024.0
1024.0
1024.0
1024.0
1024.0
1024.0
1024.0
1024.0
1024.0
2048.0
2048.0
2048.0
2048.0
2048.0
2048.0
2048.0
2048.0
2048.0
2048.0
2048.0
2048.0
2048.0
2048.0
2048.0
2048.0
2048.0
2048.0
2048.0
2048.0
2048.0
2048.0
2048.0
2048.0
2048.0